"","id","age","gender","run","decisionnum","deckl","deckr","decision_type","deckchoice","deckrt","subtrial","task","probe","switchresp","switchrt","understood","mapping","preference","notice","difficulty","tlx_deck1","tlx_deck2","tlx_deck3","tlx_deck4","tlx_deck5","tlx_deck6","nfc1","nfc2","nfc3","nfc4","nfc5","nfc6","nfc7","nfc8","nfc9","nfc10","nfc11","nfc12","nfc13","nfc14","nfc15","nfc16","nfc17","nfc18","uncertainty1","uncertainty2","uncertainty3","uncertainty4","uncertainty5","uncertainty6","uncertainty7","uncertainty8","uncertainty9","uncertainty10","uncertainty11","uncertainty12","uncertainty13","uncertainty14","uncertainty15","uncertainty16","uncertainty17","uncertainty18","uncertainty19","uncertainty20","uncertainty21","uncertainty22","uncertainty23","uncertainty24","uncertainty25","uncertainty26","uncertainty27","time_elapsed"
"1","ptZeiguy48WjP56",29,"female","learning",0,"deck1",NA,NA,NA,NA,1,"parity",2,69,9.0000000782311,"good",5,1,"Look ","no",6,7,8,6,7,8,2,3,4,4,3,2,3,4,2,3,4,3,4,3,2,3,4,3,0,2,3,4,3,2,3,4,3,3,4,2,4,3,2,4,3,4,2,3,4,3,4,2,3,4,4,240545
"2","ptZeiguy48WjP56",29,"female","learning",0,"deck1",NA,NA,NA,NA,2,"parity",7,73,59.0000003576279,"good",5,1,"Look ","no",6,7,8,6,7,8,2,3,4,4,3,2,3,4,2,3,4,3,4,3,2,3,4,3,0,2,3,4,3,2,3,4,3,3,4,2,4,3,2,4,3,4,2,3,4,3,4,2,3,4,4,241105
"3","ptZeiguy48WjP56",29,"female","learning",0,"deck1",NA,NA,NA,NA,3,"parity",2,69,77.0000000484288,"good",5,1,"Look ","no",6,7,8,6,7,8,2,3,4,4,3,2,3,4,2,3,4,3,4,3,2,3,4,3,0,2,3,4,3,2,3,4,3,3,4,2,4,3,2,4,3,4,2,3,4,3,4,2,3,4,4,241684
"4","ptZeiguy48WjP56",29,"female","learning",0,"deck1",NA,NA,NA,NA,4,"parity",3,73,15.9999998286366,"good",5,1,"Look ","no",6,7,8,6,7,8,2,3,4,4,3,2,3,4,2,3,4,3,4,3,2,3,4,3,0,2,3,4,3,2,3,4,3,3,4,2,4,3,2,4,3,4,2,3,4,3,4,2,3,4,4,242203
"5","ptZeiguy48WjP56",29,"female","learning",0,"deck1",NA,NA,NA,NA,5,"parity",4,69,146.000000182539,"good",5,1,"Look ","no",6,7,8,6,7,8,2,3,4,4,3,2,3,4,2,3,4,3,4,3,2,3,4,3,0,2,3,4,3,2,3,4,3,3,4,2,4,3,2,4,3,4,2,3,4,3,4,2,3,4,4,242851
"6","ptZeiguy48WjP56",29,"female","learning",0,"deck1",NA,NA,NA,NA,6,"parity",6,69,13.9999999664724,"good",5,1,"Look ","no",6,7,8,6,7,8,2,3,4,4,3,2,3,4,2,3,4,3,4,3,2,3,4,3,0,2,3,4,3,2,3,4,3,3,4,2,4,3,2,4,3,4,2,3,4,3,4,2,3,4,4,243368
"7","ptZeiguy48WjP56",29,"female","learning",0,"deck1",NA,NA,NA,NA,7,"magnitude",6,69,27.0000002346933,"good",5,1,"Look ","no",6,7,8,6,7,8,2,3,4,4,3,2,3,4,2,3,4,3,4,3,2,3,4,3,0,2,3,4,3,2,3,4,3,3,4,2,4,3,2,4,3,4,2,3,4,3,4,2,3,4,4,243897
"8","ptZeiguy48WjP56",29,"female","learning",0,"deck1",NA,NA,NA,NA,8,"magnitude",3,69,67.0000002719462,"good",5,1,"Look ","no",6,7,8,6,7,8,2,3,4,4,3,2,3,4,2,3,4,3,4,3,2,3,4,3,0,2,3,4,3,2,3,4,3,3,4,2,4,3,2,4,3,4,2,3,4,3,4,2,3,4,4,244465
"9","ptZeiguy48WjP56",29,"female","learning",0,"deck1",NA,NA,NA,NA,9,"magnitude",7,NA,NA,"good",5,1,"Look ","no",6,7,8,6,7,8,2,3,4,4,3,2,3,4,2,3,4,3,4,3,2,3,4,3,0,2,3,4,3,2,3,4,3,3,4,2,4,3,2,4,3,4,2,3,4,3,4,2,3,4,4,247476
"10","ptZeiguy48WjP56",29,"female","learning",0,"deck1",NA,NA,NA,NA,10,"parity",6,NA,NA,"good",5,1,"Look ","no",6,7,8,6,7,8,2,3,4,4,3,2,3,4,2,3,4,3,4,3,2,3,4,3,0,2,3,4,3,2,3,4,3,3,4,2,4,3,2,4,3,4,2,3,4,3,4,2,3,4,4,250496
"11","ptZeiguy48WjP56",29,"female","learning",0,"deck1",NA,NA,NA,NA,11,"parity",8,NA,NA,"good",5,1,"Look ","no",6,7,8,6,7,8,2,3,4,4,3,2,3,4,2,3,4,3,4,3,2,3,4,3,0,2,3,4,3,2,3,4,3,3,4,2,4,3,2,4,3,4,2,3,4,3,4,2,3,4,4,253500
"12","ptZeiguy48WjP56",29,"female","learning",0,"deck1",NA,NA,NA,NA,12,"parity",2,NA,NA,"good",5,1,"Look ","no",6,7,8,6,7,8,2,3,4,4,3,2,3,4,2,3,4,3,4,3,2,3,4,3,0,2,3,4,3,2,3,4,3,3,4,2,4,3,2,4,3,4,2,3,4,3,4,2,3,4,4,256514
"13","ptZeiguy48WjP56",29,"female","learning",0,"deck1",NA,NA,NA,NA,13,"parity",8,NA,NA,"good",5,1,"Look ","no",6,7,8,6,7,8,2,3,4,4,3,2,3,4,2,3,4,3,4,3,2,3,4,3,0,2,3,4,3,2,3,4,3,3,4,2,4,3,2,4,3,4,2,3,4,3,4,2,3,4,4,259530
"14","ptZeiguy48WjP56",29,"female","learning",0,"deck1",NA,NA,NA,NA,14,"parity",9,NA,NA,"good",5,1,"Look ","no",6,7,8,6,7,8,2,3,4,4,3,2,3,4,2,3,4,3,4,3,2,3,4,3,0,2,3,4,3,2,3,4,3,3,4,2,4,3,2,4,3,4,2,3,4,3,4,2,3,4,4,262532
"15","ptZeiguy48WjP56",29,"female","learning",0,"deck1",NA,NA,NA,NA,15,"parity",8,NA,NA,"good",5,1,"Look ","no",6,7,8,6,7,8,2,3,4,4,3,2,3,4,2,3,4,3,4,3,2,3,4,3,0,2,3,4,3,2,3,4,3,3,4,2,4,3,2,4,3,4,2,3,4,3,4,2,3,4,4,265542
"16","ptZeiguy48WjP56",29,"female","learning",0,"deck1",NA,NA,NA,NA,16,"parity",8,NA,NA,"good",5,1,"Look ","no",6,7,8,6,7,8,2,3,4,4,3,2,3,4,2,3,4,3,4,3,2,3,4,3,0,2,3,4,3,2,3,4,3,3,4,2,4,3,2,4,3,4,2,3,4,3,4,2,3,4,4,268546
"17","ptZeiguy48WjP56",29,"female","learning",0,"deck1",NA,NA,NA,NA,17,"parity",9,NA,NA,"good",5,1,"Look ","no",6,7,8,6,7,8,2,3,4,4,3,2,3,4,2,3,4,3,4,3,2,3,4,3,0,2,3,4,3,2,3,4,3,3,4,2,4,3,2,4,3,4,2,3,4,3,4,2,3,4,4,271576
"18","ptZeiguy48WjP56",29,"female","learning",0,"deck1",NA,NA,NA,NA,18,"parity",6,NA,NA,"good",5,1,"Look ","no",6,7,8,6,7,8,2,3,4,4,3,2,3,4,2,3,4,3,4,3,2,3,4,3,0,2,3,4,3,2,3,4,3,3,4,2,4,3,2,4,3,4,2,3,4,3,4,2,3,4,4,274578
"19","ptZeiguy48WjP56",29,"female","learning",0,"deck1",NA,NA,NA,NA,19,"parity",2,NA,NA,"good",5,1,"Look ","no",6,7,8,6,7,8,2,3,4,4,3,2,3,4,2,3,4,3,4,3,2,3,4,3,0,2,3,4,3,2,3,4,3,3,4,2,4,3,2,4,3,4,2,3,4,3,4,2,3,4,4,277588
"20","ptZeiguy48WjP56",29,"female","learning",0,"deck2",NA,NA,NA,NA,1,"magnitude",2,69,40.0000000372529,"good",5,1,"Look ","no",6,7,8,6,7,8,2,3,4,4,3,2,3,4,2,3,4,3,4,3,2,3,4,3,0,2,3,4,3,2,3,4,3,3,4,2,4,3,2,4,3,4,2,3,4,3,4,2,3,4,4,302177
"21","ptZeiguy48WjP56",29,"female","learning",0,"deck2",NA,NA,NA,NA,2,"magnitude",2,73,70.9999999962747,"good",5,1,"Look ","no",6,7,8,6,7,8,2,3,4,4,3,2,3,4,2,3,4,3,4,3,2,3,4,3,0,2,3,4,3,2,3,4,3,3,4,2,4,3,2,4,3,4,2,3,4,3,4,2,3,4,4,302752
"22","ptZeiguy48WjP56",29,"female","learning",0,"deck2",NA,NA,NA,NA,3,"parity",3,69,50.9999999776483,"good",5,1,"Look ","no",6,7,8,6,7,8,2,3,4,4,3,2,3,4,2,3,4,3,4,3,2,3,4,3,0,2,3,4,3,2,3,4,3,3,4,2,4,3,2,4,3,4,2,3,4,3,4,2,3,4,4,303303
"23","ptZeiguy48WjP56",29,"female","learning",0,"deck2",NA,NA,NA,NA,4,"magnitude",6,69,34.9999996833503,"good",5,1,"Look ","no",6,7,8,6,7,8,2,3,4,4,3,2,3,4,2,3,4,3,4,3,2,3,4,3,0,2,3,4,3,2,3,4,3,3,4,2,4,3,2,4,3,4,2,3,4,3,4,2,3,4,4,303839
"24","ptZeiguy48WjP56",29,"female","learning",0,"deck2",NA,NA,NA,NA,5,"magnitude",9,69,32.9999998211861,"good",5,1,"Look ","no",6,7,8,6,7,8,2,3,4,4,3,2,3,4,2,3,4,3,4,3,2,3,4,3,0,2,3,4,3,2,3,4,3,3,4,2,4,3,2,4,3,4,2,3,4,3,4,2,3,4,4,304381
"25","ptZeiguy48WjP56",29,"female","learning",0,"deck2",NA,NA,NA,NA,6,"parity",7,73,53.0000003054738,"good",5,1,"Look ","no",6,7,8,6,7,8,2,3,4,4,3,2,3,4,2,3,4,3,4,3,2,3,4,3,0,2,3,4,3,2,3,4,3,3,4,2,4,3,2,4,3,4,2,3,4,3,4,2,3,4,4,304937
"26","ptZeiguy48WjP56",29,"female","learning",0,"deck2",NA,NA,NA,NA,7,"parity",9,69,106.000000145286,"good",5,1,"Look ","no",6,7,8,6,7,8,2,3,4,4,3,2,3,4,2,3,4,3,4,3,2,3,4,3,0,2,3,4,3,2,3,4,3,3,4,2,4,3,2,4,3,4,2,3,4,3,4,2,3,4,4,305545
"27","ptZeiguy48WjP56",29,"female","learning",0,"deck2",NA,NA,NA,NA,8,"parity",8,73,132.999999914318,"good",5,1,"Look ","no",6,7,8,6,7,8,2,3,4,4,3,2,3,4,2,3,4,3,4,3,2,3,4,3,0,2,3,4,3,2,3,4,3,3,4,2,4,3,2,4,3,4,2,3,4,3,4,2,3,4,4,306182
"28","ptZeiguy48WjP56",29,"female","learning",0,"deck2",NA,NA,NA,NA,9,"parity",3,69,92.0000001788139,"good",5,1,"Look ","no",6,7,8,6,7,8,2,3,4,4,3,2,3,4,2,3,4,3,4,3,2,3,4,3,0,2,3,4,3,2,3,4,3,3,4,2,4,3,2,4,3,4,2,3,4,3,4,2,3,4,4,306776
"29","ptZeiguy48WjP56",29,"female","learning",0,"deck2",NA,NA,NA,NA,10,"parity",2,69,7.99999991431832,"good",5,1,"Look ","no",6,7,8,6,7,8,2,3,4,4,3,2,3,4,2,3,4,3,4,3,2,3,4,3,0,2,3,4,3,2,3,4,3,3,4,2,4,3,2,4,3,4,2,3,4,3,4,2,3,4,4,307287
"30","ptZeiguy48WjP56",29,"female","learning",0,"deck2",NA,NA,NA,NA,11,"magnitude",4,69,16.0000002942979,"good",5,1,"Look ","no",6,7,8,6,7,8,2,3,4,4,3,2,3,4,2,3,4,3,4,3,2,3,4,3,0,2,3,4,3,2,3,4,3,3,4,2,4,3,2,4,3,4,2,3,4,3,4,2,3,4,4,307805
"31","ptZeiguy48WjP56",29,"female","learning",0,"deck2",NA,NA,NA,NA,12,"magnitude",6,69,20.0000000186265,"good",5,1,"Look ","no",6,7,8,6,7,8,2,3,4,4,3,2,3,4,2,3,4,3,4,3,2,3,4,3,0,2,3,4,3,2,3,4,3,3,4,2,4,3,2,4,3,4,2,3,4,3,4,2,3,4,4,308325
"32","ptZeiguy48WjP56",29,"female","learning",0,"deck2",NA,NA,NA,NA,13,"parity",6,69,4.99999988824129,"good",5,1,"Look ","no",6,7,8,6,7,8,2,3,4,4,3,2,3,4,2,3,4,3,4,3,2,3,4,3,0,2,3,4,3,2,3,4,3,3,4,2,4,3,2,4,3,4,2,3,4,3,4,2,3,4,4,308837
"33","ptZeiguy48WjP56",29,"female","learning",0,"deck2",NA,NA,NA,NA,14,"parity",7,69,46.000000089407,"good",5,1,"Look ","no",6,7,8,6,7,8,2,3,4,4,3,2,3,4,2,3,4,3,4,3,2,3,4,3,0,2,3,4,3,2,3,4,3,3,4,2,4,3,2,4,3,4,2,3,4,3,4,2,3,4,4,309383
"34","ptZeiguy48WjP56",29,"female","learning",0,"deck2",NA,NA,NA,NA,15,"magnitude",1,73,72.999999858439,"good",5,1,"Look ","no",6,7,8,6,7,8,2,3,4,4,3,2,3,4,2,3,4,3,4,3,2,3,4,3,0,2,3,4,3,2,3,4,3,3,4,2,4,3,2,4,3,4,2,3,4,3,4,2,3,4,4,309961
"35","ptZeiguy48WjP56",29,"female","learning",0,"deck2",NA,NA,NA,NA,16,"parity",7,69,101.999999955297,"good",5,1,"Look ","no",6,7,8,6,7,8,2,3,4,4,3,2,3,4,2,3,4,3,4,3,2,3,4,3,0,2,3,4,3,2,3,4,3,3,4,2,4,3,2,4,3,4,2,3,4,3,4,2,3,4,4,310565
"36","ptZeiguy48WjP56",29,"female","learning",0,"deck2",NA,NA,NA,NA,17,"magnitude",4,69,43.0000000633299,"good",5,1,"Look ","no",6,7,8,6,7,8,2,3,4,4,3,2,3,4,2,3,4,3,4,3,2,3,4,3,0,2,3,4,3,2,3,4,3,3,4,2,4,3,2,4,3,4,2,3,4,3,4,2,3,4,4,311112
"37","ptZeiguy48WjP56",29,"female","learning",0,"deck2",NA,NA,NA,NA,18,"parity",2,73,74.9999997206032,"good",5,1,"Look ","no",6,7,8,6,7,8,2,3,4,4,3,2,3,4,2,3,4,3,4,3,2,3,4,3,0,2,3,4,3,2,3,4,3,3,4,2,4,3,2,4,3,4,2,3,4,3,4,2,3,4,4,311689
"38","ptZeiguy48WjP56",29,"female","learning",0,"deck3",NA,NA,NA,NA,1,"parity",3,69,30.0000002607703,"good",5,1,"Look ","no",6,7,8,6,7,8,2,3,4,4,3,2,3,4,2,3,4,3,4,3,2,3,4,3,0,2,3,4,3,2,3,4,3,3,4,2,4,3,2,4,3,4,2,3,4,3,4,2,3,4,4,313515
"39","ptZeiguy48WjP56",29,"female","learning",0,"deck3",NA,NA,NA,NA,2,"magnitude",8,69,74.0000000223517,"good",5,1,"Look ","no",6,7,8,6,7,8,2,3,4,4,3,2,3,4,2,3,4,3,4,3,2,3,4,3,0,2,3,4,3,2,3,4,3,3,4,2,4,3,2,4,3,4,2,3,4,3,4,2,3,4,4,314090
"40","ptZeiguy48WjP56",29,"female","learning",0,"deck3",NA,NA,NA,NA,3,"parity",2,73,38.9999998733401,"good",5,1,"Look ","no",6,7,8,6,7,8,2,3,4,4,3,2,3,4,2,3,4,3,4,3,2,3,4,3,0,2,3,4,3,2,3,4,3,3,4,2,4,3,2,4,3,4,2,3,4,3,4,2,3,4,4,314632
"41","ptZeiguy48WjP56",29,"female","learning",0,"deck3",NA,NA,NA,NA,4,"magnitude",2,69,95.9999999031425,"good",5,1,"Look ","no",6,7,8,6,7,8,2,3,4,4,3,2,3,4,2,3,4,3,4,3,2,3,4,3,0,2,3,4,3,2,3,4,3,3,4,2,4,3,2,4,3,4,2,3,4,3,4,2,3,4,4,315229
"42","ptZeiguy48WjP56",29,"female","learning",0,"deck3",NA,NA,NA,NA,5,"parity",9,69,4.99999988824129,"good",5,1,"Look ","no",6,7,8,6,7,8,2,3,4,4,3,2,3,4,2,3,4,3,4,3,2,3,4,3,0,2,3,4,3,2,3,4,3,3,4,2,4,3,2,4,3,4,2,3,4,3,4,2,3,4,4,315736
"43","ptZeiguy48WjP56",29,"female","learning",0,"deck3",NA,NA,NA,NA,6,"magnitude",3,69,12.9999998025596,"good",5,1,"Look ","no",6,7,8,6,7,8,2,3,4,4,3,2,3,4,2,3,4,3,4,3,2,3,4,3,0,2,3,4,3,2,3,4,3,3,4,2,4,3,2,4,3,4,2,3,4,3,4,2,3,4,4,316255
"44","ptZeiguy48WjP56",29,"female","learning",0,"deck3",NA,NA,NA,NA,7,"parity",9,69,20.0000000186265,"good",5,1,"Look ","no",6,7,8,6,7,8,2,3,4,4,3,2,3,4,2,3,4,3,4,3,2,3,4,3,0,2,3,4,3,2,3,4,3,3,4,2,4,3,2,4,3,4,2,3,4,3,4,2,3,4,4,316779
"45","ptZeiguy48WjP56",29,"female","learning",0,"deck3",NA,NA,NA,NA,8,"magnitude",8,73,189.999999944121,"good",5,1,"Look ","no",6,7,8,6,7,8,2,3,4,4,3,2,3,4,2,3,4,3,4,3,2,3,4,3,0,2,3,4,3,2,3,4,3,3,4,2,4,3,2,4,3,4,2,3,4,3,4,2,3,4,4,317470
"46","ptZeiguy48WjP56",29,"female","learning",0,"deck3",NA,NA,NA,NA,9,"parity",8,69,49.000000115484,"good",5,1,"Look ","no",6,7,8,6,7,8,2,3,4,4,3,2,3,4,2,3,4,3,4,3,2,3,4,3,0,2,3,4,3,2,3,4,3,3,4,2,4,3,2,4,3,4,2,3,4,3,4,2,3,4,4,318021
"47","ptZeiguy48WjP56",29,"female","learning",0,"deck3",NA,NA,NA,NA,10,"parity",2,73,16.9999999925494,"good",5,1,"Look ","no",6,7,8,6,7,8,2,3,4,4,3,2,3,4,2,3,4,3,4,3,2,3,4,3,0,2,3,4,3,2,3,4,3,3,4,2,4,3,2,4,3,4,2,3,4,3,4,2,3,4,4,318541
"48","ptZeiguy48WjP56",29,"female","learning",0,"deck3",NA,NA,NA,NA,11,"magnitude",7,73,54.0000000037253,"good",5,1,"Look ","no",6,7,8,6,7,8,2,3,4,4,3,2,3,4,2,3,4,3,4,3,2,3,4,3,0,2,3,4,3,2,3,4,3,3,4,2,4,3,2,4,3,4,2,3,4,3,4,2,3,4,4,319096
"49","ptZeiguy48WjP56",29,"female","learning",0,"deck3",NA,NA,NA,NA,12,"parity",4,69,126.999999862164,"good",5,1,"Look ","no",6,7,8,6,7,8,2,3,4,4,3,2,3,4,2,3,4,3,4,3,2,3,4,3,0,2,3,4,3,2,3,4,3,3,4,2,4,3,2,4,3,4,2,3,4,3,4,2,3,4,4,319726
"50","ptZeiguy48WjP56",29,"female","learning",0,"deck3",NA,NA,NA,NA,13,"magnitude",3,69,19.000000320375,"good",5,1,"Look ","no",6,7,8,6,7,8,2,3,4,4,3,2,3,4,2,3,4,3,4,3,2,3,4,3,0,2,3,4,3,2,3,4,3,3,4,2,4,3,2,4,3,4,2,3,4,3,4,2,3,4,4,320247
"51","ptZeiguy48WjP56",29,"female","learning",0,"deck3",NA,NA,NA,NA,14,"parity",4,73,29.999999795109,"good",5,1,"Look ","no",6,7,8,6,7,8,2,3,4,4,3,2,3,4,2,3,4,3,4,3,2,3,4,3,0,2,3,4,3,2,3,4,3,3,4,2,4,3,2,4,3,4,2,3,4,3,4,2,3,4,4,320780
"52","ptZeiguy48WjP56",29,"female","learning",0,"deck4",NA,NA,NA,NA,1,"parity",3,69,160.000000149012,"good",5,1,"Look ","no",6,7,8,6,7,8,2,3,4,4,3,2,3,4,2,3,4,3,4,3,2,3,4,3,0,2,3,4,3,2,3,4,3,3,4,2,4,3,2,4,3,4,2,3,4,3,4,2,3,4,4,322708
"53","ptZeiguy48WjP56",29,"female","learning",0,"deck4",NA,NA,NA,NA,2,"parity",3,69,46.9999997876585,"good",5,1,"Look ","no",6,7,8,6,7,8,2,3,4,4,3,2,3,4,2,3,4,3,4,3,2,3,4,3,0,2,3,4,3,2,3,4,3,3,4,2,4,3,2,4,3,4,2,3,4,3,4,2,3,4,4,323262
"54","ptZeiguy48WjP56",29,"female","learning",0,"deck4",NA,NA,NA,NA,3,"parity",9,73,38.0000001750886,"good",5,1,"Look ","no",6,7,8,6,7,8,2,3,4,4,3,2,3,4,2,3,4,3,4,3,2,3,4,3,0,2,3,4,3,2,3,4,3,3,4,2,4,3,2,4,3,4,2,3,4,3,4,2,3,4,4,323804
"55","ptZeiguy48WjP56",29,"female","learning",0,"deck4",NA,NA,NA,NA,4,"parity",2,69,47.9999999515712,"good",5,1,"Look ","no",6,7,8,6,7,8,2,3,4,4,3,2,3,4,2,3,4,3,4,3,2,3,4,3,0,2,3,4,3,2,3,4,3,3,4,2,4,3,2,4,3,4,2,3,4,3,4,2,3,4,4,324355
"56","ptZeiguy48WjP56",29,"female","learning",0,"deck4",NA,NA,NA,NA,5,"parity",7,73,50.9999999776483,"good",5,1,"Look ","no",6,7,8,6,7,8,2,3,4,4,3,2,3,4,2,3,4,3,4,3,2,3,4,3,0,2,3,4,3,2,3,4,3,3,4,2,4,3,2,4,3,4,2,3,4,3,4,2,3,4,4,324908
"57","ptZeiguy48WjP56",29,"female","learning",0,"deck4",NA,NA,NA,NA,6,"parity",8,69,97.0000000670552,"good",5,1,"Look ","no",6,7,8,6,7,8,2,3,4,4,3,2,3,4,2,3,4,3,4,3,2,3,4,3,0,2,3,4,3,2,3,4,3,3,4,2,4,3,2,4,3,4,2,3,4,3,4,2,3,4,4,325505
"58","ptZeiguy48WjP56",29,"female","learning",0,"deck4",NA,NA,NA,NA,7,"magnitude",8,73,10.9999999403954,"good",5,1,"Look ","no",6,7,8,6,7,8,2,3,4,4,3,2,3,4,2,3,4,3,4,3,2,3,4,3,0,2,3,4,3,2,3,4,3,3,4,2,4,3,2,4,3,4,2,3,4,3,4,2,3,4,4,326019
"59","ptZeiguy48WjP56",29,"female","learning",0,"deck4",NA,NA,NA,NA,8,"magnitude",7,69,55.9999998658895,"good",5,1,"Look ","no",6,7,8,6,7,8,2,3,4,4,3,2,3,4,2,3,4,3,4,3,2,3,4,3,0,2,3,4,3,2,3,4,3,3,4,2,4,3,2,4,3,4,2,3,4,3,4,2,3,4,4,326577
"60","ptZeiguy48WjP56",29,"female","learning",0,"deck4",NA,NA,NA,NA,9,"magnitude",4,73,30.0000002607703,"good",5,1,"Look ","no",6,7,8,6,7,8,2,3,4,4,3,2,3,4,2,3,4,3,4,3,2,3,4,3,0,2,3,4,3,2,3,4,3,3,4,2,4,3,2,4,3,4,2,3,4,3,4,2,3,4,4,327109
"61","ptZeiguy48WjP56",29,"female","learning",0,"deck4",NA,NA,NA,NA,10,"magnitude",1,69,30.9999999590218,"good",5,1,"Look ","no",6,7,8,6,7,8,2,3,4,4,3,2,3,4,2,3,4,3,4,3,2,3,4,3,0,2,3,4,3,2,3,4,3,3,4,2,4,3,2,4,3,4,2,3,4,3,4,2,3,4,4,327653
"62","ptZeiguy48WjP56",29,"female","learning",0,"deck4",NA,NA,NA,NA,11,"magnitude",2,73,13.0000002682209,"good",5,1,"Look ","no",6,7,8,6,7,8,2,3,4,4,3,2,3,4,2,3,4,3,4,3,2,3,4,3,0,2,3,4,3,2,3,4,3,3,4,2,4,3,2,4,3,4,2,3,4,3,4,2,3,4,4,328167
"63","ptZeiguy48WjP56",29,"female","learning",0,"deck4",NA,NA,NA,NA,12,"magnitude",6,69,64.0000002458692,"good",5,1,"Look ","no",6,7,8,6,7,8,2,3,4,4,3,2,3,4,2,3,4,3,4,3,2,3,4,3,0,2,3,4,3,2,3,4,3,3,4,2,4,3,2,4,3,4,2,3,4,3,4,2,3,4,4,328734
"64","ptZeiguy48WjP56",29,"female","learning",0,"deck4",NA,NA,NA,NA,13,"magnitude",1,73,10.0000002421439,"good",5,1,"Look ","no",6,7,8,6,7,8,2,3,4,4,3,2,3,4,2,3,4,3,4,3,2,3,4,3,0,2,3,4,3,2,3,4,3,3,4,2,4,3,2,4,3,4,2,3,4,3,4,2,3,4,4,329249
"65","ptZeiguy48WjP56",29,"female","learning",0,"deck4",NA,NA,NA,NA,14,"magnitude",8,69,46.000000089407,"good",5,1,"Look ","no",6,7,8,6,7,8,2,3,4,4,3,2,3,4,2,3,4,3,4,3,2,3,4,3,0,2,3,4,3,2,3,4,3,3,4,2,4,3,2,4,3,4,2,3,4,3,4,2,3,4,4,329800
"66","ptZeiguy48WjP56",29,"female","learning",0,"deck5",NA,NA,NA,NA,1,"parity",6,69,125,"good",5,1,"Look ","no",6,7,8,6,7,8,2,3,4,4,3,2,3,4,2,3,4,3,4,3,2,3,4,3,0,2,3,4,3,2,3,4,3,3,4,2,4,3,2,4,3,4,2,3,4,3,4,2,3,4,4,331199
"67","ptZeiguy48WjP56",29,"female","learning",0,"deck5",NA,NA,NA,NA,2,"parity",4,73,35.9999998472631,"good",5,1,"Look ","no",6,7,8,6,7,8,2,3,4,4,3,2,3,4,2,3,4,3,4,3,2,3,4,3,0,2,3,4,3,2,3,4,3,3,4,2,4,3,2,4,3,4,2,3,4,3,4,2,3,4,4,331736
"68","ptZeiguy48WjP56",29,"female","learning",0,"deck5",NA,NA,NA,NA,3,"magnitude",8,69,44.0000002272427,"good",5,1,"Look ","no",6,7,8,6,7,8,2,3,4,4,3,2,3,4,2,3,4,3,4,3,2,3,4,3,0,2,3,4,3,2,3,4,3,3,4,2,4,3,2,4,3,4,2,3,4,3,4,2,3,4,4,332282
"69","ptZeiguy48WjP56",29,"female","learning",0,"deck5",NA,NA,NA,NA,4,"magnitude",4,73,37.0000000111759,"good",5,1,"Look ","no",6,7,8,6,7,8,2,3,4,4,3,2,3,4,2,3,4,3,4,3,2,3,4,3,0,2,3,4,3,2,3,4,3,3,4,2,4,3,2,4,3,4,2,3,4,3,4,2,3,4,4,332820
"70","ptZeiguy48WjP56",29,"female","learning",0,"deck5",NA,NA,NA,NA,5,"magnitude",4,69,32.0000001229346,"good",5,1,"Look ","no",6,7,8,6,7,8,2,3,4,4,3,2,3,4,2,3,4,3,4,3,2,3,4,3,0,2,3,4,3,2,3,4,3,3,4,2,4,3,2,4,3,4,2,3,4,3,4,2,3,4,4,333356
"71","ptZeiguy48WjP56",29,"female","learning",0,"deck5",NA,NA,NA,NA,6,"parity",9,73,6.00000005215406,"good",5,1,"Look ","no",6,7,8,6,7,8,2,3,4,4,3,2,3,4,2,3,4,3,4,3,2,3,4,3,0,2,3,4,3,2,3,4,3,3,4,2,4,3,2,4,3,4,2,3,4,3,4,2,3,4,4,333868
"72","ptZeiguy48WjP56",29,"female","learning",0,"deck5",NA,NA,NA,NA,7,"magnitude",2,69,92.0000001788139,"good",5,1,"Look ","no",6,7,8,6,7,8,2,3,4,4,3,2,3,4,2,3,4,3,4,3,2,3,4,3,0,2,3,4,3,2,3,4,3,3,4,2,4,3,2,4,3,4,2,3,4,3,4,2,3,4,4,334461
"73","ptZeiguy48WjP56",29,"female","learning",0,"deck5",NA,NA,NA,NA,8,"magnitude",1,73,120.99999981001,"good",5,1,"Look ","no",6,7,8,6,7,8,2,3,4,4,3,2,3,4,2,3,4,3,4,3,2,3,4,3,0,2,3,4,3,2,3,4,3,3,4,2,4,3,2,4,3,4,2,3,4,3,4,2,3,4,4,335084
"74","ptZeiguy48WjP56",29,"female","learning",0,"deck5",NA,NA,NA,NA,9,"parity",4,73,33.9999999850988,"good",5,1,"Look ","no",6,7,8,6,7,8,2,3,4,4,3,2,3,4,2,3,4,3,4,3,2,3,4,3,0,2,3,4,3,2,3,4,3,3,4,2,4,3,2,4,3,4,2,3,4,3,4,2,3,4,4,335620
"75","ptZeiguy48WjP56",29,"female","learning",0,"deck5",NA,NA,NA,NA,10,"magnitude",4,69,8.99999961256981,"good",5,1,"Look ","no",6,7,8,6,7,8,2,3,4,4,3,2,3,4,2,3,4,3,4,3,2,3,4,3,0,2,3,4,3,2,3,4,3,3,4,2,4,3,2,4,3,4,2,3,4,3,4,2,3,4,4,336131
"76","ptZeiguy48WjP56",29,"female","learning",0,"deck6",NA,NA,NA,NA,1,"magnitude",2,73,23.0000000447035,"good",5,1,"Look ","no",6,7,8,6,7,8,2,3,4,4,3,2,3,4,2,3,4,3,4,3,2,3,4,3,0,2,3,4,3,2,3,4,3,3,4,2,4,3,2,4,3,4,2,3,4,3,4,2,3,4,4,337588
"77","ptZeiguy48WjP56",29,"female","learning",0,"deck6",NA,NA,NA,NA,2,"parity",7,69,86.0000001266599,"good",5,1,"Look ","no",6,7,8,6,7,8,2,3,4,4,3,2,3,4,2,3,4,3,4,3,2,3,4,3,0,2,3,4,3,2,3,4,3,3,4,2,4,3,2,4,3,4,2,3,4,3,4,2,3,4,4,338175
"78","ptZeiguy48WjP56",29,"female","learning",0,"deck6",NA,NA,NA,NA,3,"magnitude",8,73,23.0000000447035,"good",5,1,"Look ","no",6,7,8,6,7,8,2,3,4,4,3,2,3,4,2,3,4,3,4,3,2,3,4,3,0,2,3,4,3,2,3,4,3,3,4,2,4,3,2,4,3,4,2,3,4,3,4,2,3,4,4,338698
"79","ptZeiguy48WjP56",29,"female","learning",0,"deck6",NA,NA,NA,NA,4,"parity",7,69,60.0000000558794,"good",5,1,"Look ","no",6,7,8,6,7,8,2,3,4,4,3,2,3,4,2,3,4,3,4,3,2,3,4,3,0,2,3,4,3,2,3,4,3,3,4,2,4,3,2,4,3,4,2,3,4,3,4,2,3,4,4,339262
"80","ptZeiguy48WjP56",29,"female","learning",0,"deck6",NA,NA,NA,NA,5,"magnitude",7,73,16.9999999925494,"good",5,1,"Look ","no",6,7,8,6,7,8,2,3,4,4,3,2,3,4,2,3,4,3,4,3,2,3,4,3,0,2,3,4,3,2,3,4,3,3,4,2,4,3,2,4,3,4,2,3,4,3,4,2,3,4,4,339781
"81","ptZeiguy48WjP56",29,"female","learning",0,"deck6",NA,NA,NA,NA,6,"parity",2,69,63.0000000819564,"good",5,1,"Look ","no",6,7,8,6,7,8,2,3,4,4,3,2,3,4,2,3,4,3,4,3,2,3,4,3,0,2,3,4,3,2,3,4,3,3,4,2,4,3,2,4,3,4,2,3,4,3,4,2,3,4,4,340345
"82","ptZeiguy48WjP56",29,"female","learning",0,"deck6",NA,NA,NA,NA,7,"magnitude",2,69,109.000000171363,"good",5,1,"Look ","no",6,7,8,6,7,8,2,3,4,4,3,2,3,4,2,3,4,3,4,3,2,3,4,3,0,2,3,4,3,2,3,4,3,3,4,2,4,3,2,4,3,4,2,3,4,3,4,2,3,4,4,340971
"83","ptZeiguy48WjP56",29,"female","learning",0,"deck6",NA,NA,NA,NA,8,"parity",1,73,10.0000002421439,"good",5,1,"Look ","no",6,7,8,6,7,8,2,3,4,4,3,2,3,4,2,3,4,3,4,3,2,3,4,3,0,2,3,4,3,2,3,4,3,3,4,2,4,3,2,4,3,4,2,3,4,3,4,2,3,4,4,341482
"84","ptZeiguy48WjP56",29,"female","learning",0,"deck6",NA,NA,NA,NA,9,"magnitude",8,69,100.999999791384,"good",5,1,"Look ","no",6,7,8,6,7,8,2,3,4,4,3,2,3,4,2,3,4,3,4,3,2,3,4,3,0,2,3,4,3,2,3,4,3,3,4,2,4,3,2,4,3,4,2,3,4,3,4,2,3,4,4,342092
"85","ptZeiguy48WjP56",29,"female","learning",0,"deck6",NA,NA,NA,NA,10,"parity",4,69,135.999999940395,"good",5,1,"Look ","no",6,7,8,6,7,8,2,3,4,4,3,2,3,4,2,3,4,3,4,3,2,3,4,3,0,2,3,4,3,2,3,4,3,3,4,2,4,3,2,4,3,4,2,3,4,3,4,2,3,4,4,342736
"86","ptZeiguy48WjP56",29,"female","learning",0,"deck6",NA,NA,NA,NA,11,"magnitude",6,69,146.000000182539,"good",5,1,"Look ","no",6,7,8,6,7,8,2,3,4,4,3,2,3,4,2,3,4,3,4,3,2,3,4,3,0,2,3,4,3,2,3,4,3,3,4,2,4,3,2,4,3,4,2,3,4,3,4,2,3,4,4,343383
"87","ptZeiguy48WjP56",29,"female","learning",0,"deck6",NA,NA,NA,NA,12,"parity",4,69,106.000000145286,"good",5,1,"Look ","no",6,7,8,6,7,8,2,3,4,4,3,2,3,4,2,3,4,3,4,3,2,3,4,3,0,2,3,4,3,2,3,4,3,3,4,2,4,3,2,4,3,4,2,3,4,3,4,2,3,4,4,343991
"88","ptZeiguy48WjP56",29,"female","learning",0,"deck6",NA,NA,NA,NA,13,"parity",6,73,7.99999991431832,"good",5,1,"Look ","no",6,7,8,6,7,8,2,3,4,4,3,2,3,4,2,3,4,3,4,3,2,3,4,3,0,2,3,4,3,2,3,4,3,3,4,2,4,3,2,4,3,4,2,3,4,3,4,2,3,4,4,344507
"89","ptZeiguy48WjP56",29,"female","learning",0,"deck6",NA,NA,NA,NA,14,"magnitude",7,69,63.0000000819564,"good",5,1,"Look ","no",6,7,8,6,7,8,2,3,4,4,3,2,3,4,2,3,4,3,4,3,2,3,4,3,0,2,3,4,3,2,3,4,3,3,4,2,4,3,2,4,3,4,2,3,4,3,4,2,3,4,4,345076
"90","ptZeiguy48WjP56",29,"female","learning",0,"deck6",NA,NA,NA,NA,15,"parity",1,69,117.000000085682,"good",5,1,"Look ","no",6,7,8,6,7,8,2,3,4,4,3,2,3,4,2,3,4,3,4,3,2,3,4,3,0,2,3,4,3,2,3,4,3,3,4,2,4,3,2,4,3,4,2,3,4,3,4,2,3,4,4,345697
"91","ptZeiguy48WjP56",29,"female","learning",0,"deck6",NA,NA,NA,NA,16,"magnitude",4,69,105.999999679625,"good",5,1,"Look ","no",6,7,8,6,7,8,2,3,4,4,3,2,3,4,2,3,4,3,4,3,2,3,4,3,0,2,3,4,3,2,3,4,3,3,4,2,4,3,2,4,3,4,2,3,4,3,4,2,3,4,4,346311
"92","ptZeiguy48WjP56",29,"female","learning",0,"deck1",NA,NA,NA,NA,1,"magnitude",3,69,7.99999991431832,"good",5,1,"Look ","no",6,7,8,6,7,8,2,3,4,4,3,2,3,4,2,3,4,3,4,3,2,3,4,3,0,2,3,4,3,2,3,4,3,3,4,2,4,3,2,4,3,4,2,3,4,3,4,2,3,4,4,347470
"93","ptZeiguy48WjP56",29,"female","learning",0,"deck1",NA,NA,NA,NA,2,"magnitude",1,73,38.9999998733401,"good",5,1,"Look ","no",6,7,8,6,7,8,2,3,4,4,3,2,3,4,2,3,4,3,4,3,2,3,4,3,0,2,3,4,3,2,3,4,3,3,4,2,4,3,2,4,3,4,2,3,4,3,4,2,3,4,4,348023
"94","ptZeiguy48WjP56",29,"female","learning",0,"deck1",NA,NA,NA,NA,3,"magnitude",2,69,137.000000104308,"good",5,1,"Look ","no",6,7,8,6,7,8,2,3,4,4,3,2,3,4,2,3,4,3,4,3,2,3,4,3,0,2,3,4,3,2,3,4,3,3,4,2,4,3,2,4,3,4,2,3,4,3,4,2,3,4,4,348661
"95","ptZeiguy48WjP56",29,"female","learning",0,"deck1",NA,NA,NA,NA,4,"magnitude",2,73,91.0000000149012,"good",5,1,"Look ","no",6,7,8,6,7,8,2,3,4,4,3,2,3,4,2,3,4,3,4,3,2,3,4,3,0,2,3,4,3,2,3,4,3,3,4,2,4,3,2,4,3,4,2,3,4,3,4,2,3,4,4,349255
"96","ptZeiguy48WjP56",29,"female","learning",0,"deck1",NA,NA,NA,NA,5,"parity",4,69,124.000000301749,"good",5,1,"Look ","no",6,7,8,6,7,8,2,3,4,4,3,2,3,4,2,3,4,3,4,3,2,3,4,3,0,2,3,4,3,2,3,4,3,3,4,2,4,3,2,4,3,4,2,3,4,3,4,2,3,4,4,349886
"97","ptZeiguy48WjP56",29,"female","learning",0,"deck1",NA,NA,NA,NA,6,"parity",1,73,9.99999977648258,"good",5,1,"Look ","no",6,7,8,6,7,8,2,3,4,4,3,2,3,4,2,3,4,3,4,3,2,3,4,3,0,2,3,4,3,2,3,4,3,3,4,2,4,3,2,4,3,4,2,3,4,3,4,2,3,4,4,350400
"98","ptZeiguy48WjP56",29,"female","learning",0,"deck1",NA,NA,NA,NA,7,"parity",4,69,61.0000002197921,"good",5,1,"Look ","no",6,7,8,6,7,8,2,3,4,4,3,2,3,4,2,3,4,3,4,3,2,3,4,3,0,2,3,4,3,2,3,4,3,3,4,2,4,3,2,4,3,4,2,3,4,3,4,2,3,4,4,350963
"99","ptZeiguy48WjP56",29,"female","learning",0,"deck1",NA,NA,NA,NA,8,"parity",6,73,43.0000000633299,"good",5,1,"Look ","no",6,7,8,6,7,8,2,3,4,4,3,2,3,4,2,3,4,3,4,3,2,3,4,3,0,2,3,4,3,2,3,4,3,3,4,2,4,3,2,4,3,4,2,3,4,3,4,2,3,4,4,351510
"100","ptZeiguy48WjP56",29,"female","learning",0,"deck1",NA,NA,NA,NA,9,"parity",8,69,22.9999995790422,"good",5,1,"Look ","no",6,7,8,6,7,8,2,3,4,4,3,2,3,4,2,3,4,3,4,3,2,3,4,3,0,2,3,4,3,2,3,4,3,3,4,2,4,3,2,4,3,4,2,3,4,3,4,2,3,4,4,352040
"101","ptZeiguy48WjP56",29,"female","learning",0,"deck1",NA,NA,NA,NA,10,"parity",4,73,66.9999998062849,"good",5,1,"Look ","no",6,7,8,6,7,8,2,3,4,4,3,2,3,4,2,3,4,3,4,3,2,3,4,3,0,2,3,4,3,2,3,4,3,3,4,2,4,3,2,4,3,4,2,3,4,3,4,2,3,4,4,352609
"102","ptZeiguy48WjP56",29,"female","learning",0,"deck2",NA,NA,NA,NA,1,"parity",6,69,70.9999999962747,"good",5,1,"Look ","no",6,7,8,6,7,8,2,3,4,4,3,2,3,4,2,3,4,3,4,3,2,3,4,3,0,2,3,4,3,2,3,4,3,3,4,2,4,3,2,4,3,4,2,3,4,3,4,2,3,4,4,354360
"103","ptZeiguy48WjP56",29,"female","learning",0,"deck2",NA,NA,NA,NA,2,"magnitude",9,69,94.0000000409782,"good",5,1,"Look ","no",6,7,8,6,7,8,2,3,4,4,3,2,3,4,2,3,4,3,4,3,2,3,4,3,0,2,3,4,3,2,3,4,3,3,4,2,4,3,2,4,3,4,2,3,4,3,4,2,3,4,4,354957
"104","ptZeiguy48WjP56",29,"female","learning",0,"deck2",NA,NA,NA,NA,3,"parity",2,73,24.9999999068677,"good",5,1,"Look ","no",6,7,8,6,7,8,2,3,4,4,3,2,3,4,2,3,4,3,4,3,2,3,4,3,0,2,3,4,3,2,3,4,3,3,4,2,4,3,2,4,3,4,2,3,4,3,4,2,3,4,4,355486
"105","ptZeiguy48WjP56",29,"female","learning",0,"deck2",NA,NA,NA,NA,4,"parity",9,69,42.0000003650784,"good",5,1,"Look ","no",6,7,8,6,7,8,2,3,4,4,3,2,3,4,2,3,4,3,4,3,2,3,4,3,0,2,3,4,3,2,3,4,3,3,4,2,4,3,2,4,3,4,2,3,4,3,4,2,3,4,4,356031
"106","ptZeiguy48WjP56",29,"female","learning",0,"deck2",NA,NA,NA,NA,5,"magnitude",1,73,98.9999999292195,"good",5,1,"Look ","no",6,7,8,6,7,8,2,3,4,4,3,2,3,4,2,3,4,3,4,3,2,3,4,3,0,2,3,4,3,2,3,4,3,3,4,2,4,3,2,4,3,4,2,3,4,3,4,2,3,4,4,356632
"107","ptZeiguy48WjP56",29,"female","learning",0,"deck2",NA,NA,NA,NA,6,"parity",2,69,113.999999593943,"good",5,1,"Look ","no",6,7,8,6,7,8,2,3,4,4,3,2,3,4,2,3,4,3,4,3,2,3,4,3,0,2,3,4,3,2,3,4,3,3,4,2,4,3,2,4,3,4,2,3,4,3,4,2,3,4,4,357257
"108","ptZeiguy48WjP56",29,"female","learning",0,"deck2",NA,NA,NA,NA,7,"parity",9,73,67.9999999701977,"good",5,1,"Look ","no",6,7,8,6,7,8,2,3,4,4,3,2,3,4,2,3,4,3,4,3,2,3,4,3,0,2,3,4,3,2,3,4,3,3,4,2,4,3,2,4,3,4,2,3,4,3,4,2,3,4,4,357826
"109","ptZeiguy48WjP56",29,"female","learning",0,"deck2",NA,NA,NA,NA,8,"parity",1,69,135.999999940395,"good",5,1,"Look ","no",6,7,8,6,7,8,2,3,4,4,3,2,3,4,2,3,4,3,4,3,2,3,4,3,0,2,3,4,3,2,3,4,3,3,4,2,4,3,2,4,3,4,2,3,4,3,4,2,3,4,4,358465
"110","ptZeiguy48WjP56",29,"female","learning",0,"deck2",NA,NA,NA,NA,9,"parity",3,69,67.0000002719462,"good",5,1,"Look ","no",6,7,8,6,7,8,2,3,4,4,3,2,3,4,2,3,4,3,4,3,2,3,4,3,0,2,3,4,3,2,3,4,3,3,4,2,4,3,2,4,3,4,2,3,4,3,4,2,3,4,4,359036
"111","ptZeiguy48WjP56",29,"female","learning",0,"deck2",NA,NA,NA,NA,10,"parity",3,73,21.0000001825392,"good",5,1,"Look ","no",6,7,8,6,7,8,2,3,4,4,3,2,3,4,2,3,4,3,4,3,2,3,4,3,0,2,3,4,3,2,3,4,3,3,4,2,4,3,2,4,3,4,2,3,4,3,4,2,3,4,4,359559
"112","ptZeiguy48WjP56",29,"female","learning",0,"deck2",NA,NA,NA,NA,11,"magnitude",8,69,86.0000001266599,"good",5,1,"Look ","no",6,7,8,6,7,8,2,3,4,4,3,2,3,4,2,3,4,3,4,3,2,3,4,3,0,2,3,4,3,2,3,4,3,3,4,2,4,3,2,4,3,4,2,3,4,3,4,2,3,4,4,360149
"113","ptZeiguy48WjP56",29,"female","learning",0,"deck2",NA,NA,NA,NA,12,"parity",7,73,20.0000000186265,"good",5,1,"Look ","no",6,7,8,6,7,8,2,3,4,4,3,2,3,4,2,3,4,3,4,3,2,3,4,3,0,2,3,4,3,2,3,4,3,3,4,2,4,3,2,4,3,4,2,3,4,3,4,2,3,4,4,360672
"114","ptZeiguy48WjP56",29,"female","learning",0,"deck2",NA,NA,NA,NA,13,"magnitude",1,69,69.9999998323619,"good",5,1,"Look ","no",6,7,8,6,7,8,2,3,4,4,3,2,3,4,2,3,4,3,4,3,2,3,4,3,0,2,3,4,3,2,3,4,3,3,4,2,4,3,2,4,3,4,2,3,4,3,4,2,3,4,4,361244
"115","ptZeiguy48WjP56",29,"female","learning",0,"deck2",NA,NA,NA,NA,14,"magnitude",1,73,31.9999996572733,"good",5,1,"Look ","no",6,7,8,6,7,8,2,3,4,4,3,2,3,4,2,3,4,3,4,3,2,3,4,3,0,2,3,4,3,2,3,4,3,3,4,2,4,3,2,4,3,4,2,3,4,3,4,2,3,4,4,361777
"116","ptZeiguy48WjP56",29,"female","learning",0,"deck3",NA,NA,NA,NA,1,"parity",3,73,24.9999999068677,"good",5,1,"Look ","no",6,7,8,6,7,8,2,3,4,4,3,2,3,4,2,3,4,3,4,3,2,3,4,3,0,2,3,4,3,2,3,4,3,3,4,2,4,3,2,4,3,4,2,3,4,3,4,2,3,4,4,363435
"117","ptZeiguy48WjP56",29,"female","learning",0,"deck3",NA,NA,NA,NA,2,"magnitude",8,69,19.000000320375,"good",5,1,"Look ","no",6,7,8,6,7,8,2,3,4,4,3,2,3,4,2,3,4,3,4,3,2,3,4,3,0,2,3,4,3,2,3,4,3,3,4,2,4,3,2,4,3,4,2,3,4,3,4,2,3,4,4,363955
"118","ptZeiguy48WjP56",29,"female","learning",0,"deck3",NA,NA,NA,NA,3,"parity",4,73,70.0000002980232,"good",5,1,"Look ","no",6,7,8,6,7,8,2,3,4,4,3,2,3,4,2,3,4,3,4,3,2,3,4,3,0,2,3,4,3,2,3,4,3,3,4,2,4,3,2,4,3,4,2,3,4,3,4,2,3,4,4,364526
"119","ptZeiguy48WjP56",29,"female","learning",0,"deck3",NA,NA,NA,NA,4,"magnitude",9,69,64.9999999441206,"good",5,1,"Look ","no",6,7,8,6,7,8,2,3,4,4,3,2,3,4,2,3,4,3,4,3,2,3,4,3,0,2,3,4,3,2,3,4,3,3,4,2,4,3,2,4,3,4,2,3,4,3,4,2,3,4,4,365092
"120","ptZeiguy48WjP56",29,"female","learning",0,"deck3",NA,NA,NA,NA,5,"parity",8,73,1.00000016391277,"good",5,1,"Look ","no",6,7,8,6,7,8,2,3,4,4,3,2,3,4,2,3,4,3,4,3,2,3,4,3,0,2,3,4,3,2,3,4,3,3,4,2,4,3,2,4,3,4,2,3,4,3,4,2,3,4,4,365600
"121","ptZeiguy48WjP56",29,"female","learning",0,"deck3",NA,NA,NA,NA,6,"magnitude",1,69,52.000000141561,"good",5,1,"Look ","no",6,7,8,6,7,8,2,3,4,4,3,2,3,4,2,3,4,3,4,3,2,3,4,3,0,2,3,4,3,2,3,4,3,3,4,2,4,3,2,4,3,4,2,3,4,3,4,2,3,4,4,366153
"122","ptZeiguy48WjP56",29,"female","learning",0,"deck3",NA,NA,NA,NA,7,"parity",2,69,1.99999986216426,"good",5,1,"Look ","no",6,7,8,6,7,8,2,3,4,4,3,2,3,4,2,3,4,3,4,3,2,3,4,3,0,2,3,4,3,2,3,4,3,3,4,2,4,3,2,4,3,4,2,3,4,3,4,2,3,4,4,366661
"123","ptZeiguy48WjP56",29,"female","learning",0,"deck3",NA,NA,NA,NA,8,"magnitude",4,69,182.000000029802,"good",5,1,"Look ","no",6,7,8,6,7,8,2,3,4,4,3,2,3,4,2,3,4,3,4,3,2,3,4,3,0,2,3,4,3,2,3,4,3,3,4,2,4,3,2,4,3,4,2,3,4,3,4,2,3,4,4,367345
"124","ptZeiguy48WjP56",29,"female","learning",0,"deck3",NA,NA,NA,NA,9,"parity",9,69,30.9999999590218,"good",5,1,"Look ","no",6,7,8,6,7,8,2,3,4,4,3,2,3,4,2,3,4,3,4,3,2,3,4,3,0,2,3,4,3,2,3,4,3,3,4,2,4,3,2,4,3,4,2,3,4,3,4,2,3,4,4,367879
"125","ptZeiguy48WjP56",29,"female","learning",0,"deck3",NA,NA,NA,NA,10,"magnitude",1,69,157.999999821186,"good",5,1,"Look ","no",6,7,8,6,7,8,2,3,4,4,3,2,3,4,2,3,4,3,4,3,2,3,4,3,0,2,3,4,3,2,3,4,3,3,4,2,4,3,2,4,3,4,2,3,4,3,4,2,3,4,4,368544
"126","ptZeiguy48WjP56",29,"female","learning",0,"deck3",NA,NA,NA,NA,11,"magnitude",2,69,95.9999999031425,"good",5,1,"Look ","no",6,7,8,6,7,8,2,3,4,4,3,2,3,4,2,3,4,3,4,3,2,3,4,3,0,2,3,4,3,2,3,4,3,3,4,2,4,3,2,4,3,4,2,3,4,3,4,2,3,4,4,369142
"127","ptZeiguy48WjP56",29,"female","learning",0,"deck3",NA,NA,NA,NA,12,"parity",7,69,143.999999854714,"good",5,1,"Look ","no",6,7,8,6,7,8,2,3,4,4,3,2,3,4,2,3,4,3,4,3,2,3,4,3,0,2,3,4,3,2,3,4,3,3,4,2,4,3,2,4,3,4,2,3,4,3,4,2,3,4,4,369792
"128","ptZeiguy48WjP56",29,"female","learning",0,"deck3",NA,NA,NA,NA,13,"magnitude",2,69,66.9999998062849,"good",5,1,"Look ","no",6,7,8,6,7,8,2,3,4,4,3,2,3,4,2,3,4,3,4,3,2,3,4,3,0,2,3,4,3,2,3,4,3,3,4,2,4,3,2,4,3,4,2,3,4,3,4,2,3,4,4,370379
"129","ptZeiguy48WjP56",29,"female","learning",0,"deck4",NA,NA,NA,NA,1,"magnitude",2,73,26.0000000707805,"good",5,1,"Look ","no",6,7,8,6,7,8,2,3,4,4,3,2,3,4,2,3,4,3,4,3,2,3,4,3,0,2,3,4,3,2,3,4,3,3,4,2,4,3,2,4,3,4,2,3,4,3,4,2,3,4,4,372084
"130","ptZeiguy48WjP56",29,"female","learning",0,"deck4",NA,NA,NA,NA,2,"parity",9,69,26.0000000707805,"good",5,1,"Look ","no",6,7,8,6,7,8,2,3,4,4,3,2,3,4,2,3,4,3,4,3,2,3,4,3,0,2,3,4,3,2,3,4,3,3,4,2,4,3,2,4,3,4,2,3,4,3,4,2,3,4,4,372611
"131","ptZeiguy48WjP56",29,"female","learning",0,"deck4",NA,NA,NA,NA,3,"parity",2,69,181.000000331551,"good",5,1,"Look ","no",6,7,8,6,7,8,2,3,4,4,3,2,3,4,2,3,4,3,4,3,2,3,4,3,0,2,3,4,3,2,3,4,3,3,4,2,4,3,2,4,3,4,2,3,4,3,4,2,3,4,4,373302
"132","ptZeiguy48WjP56",29,"female","learning",0,"deck4",NA,NA,NA,NA,4,"parity",3,69,100.999999791384,"good",5,1,"Look ","no",6,7,8,6,7,8,2,3,4,4,3,2,3,4,2,3,4,3,4,3,2,3,4,3,0,2,3,4,3,2,3,4,3,3,4,2,4,3,2,4,3,4,2,3,4,3,4,2,3,4,4,373905
"133","ptZeiguy48WjP56",29,"female","learning",0,"deck4",NA,NA,NA,NA,5,"parity",7,69,141.000000294298,"good",5,1,"Look ","no",6,7,8,6,7,8,2,3,4,4,3,2,3,4,2,3,4,3,4,3,2,3,4,3,0,2,3,4,3,2,3,4,3,3,4,2,4,3,2,4,3,4,2,3,4,3,4,2,3,4,4,374552
"134","ptZeiguy48WjP56",29,"female","learning",0,"deck4",NA,NA,NA,NA,6,"parity",3,69,37.0000000111759,"good",5,1,"Look ","no",6,7,8,6,7,8,2,3,4,4,3,2,3,4,2,3,4,3,4,3,2,3,4,3,0,2,3,4,3,2,3,4,3,3,4,2,4,3,2,4,3,4,2,3,4,3,4,2,3,4,4,375091
"135","ptZeiguy48WjP56",29,"female","learning",0,"deck4",NA,NA,NA,NA,7,"parity",7,73,87.9999999888241,"good",5,1,"Look ","no",6,7,8,6,7,8,2,3,4,4,3,2,3,4,2,3,4,3,4,3,2,3,4,3,0,2,3,4,3,2,3,4,3,3,4,2,4,3,2,4,3,4,2,3,4,3,4,2,3,4,4,375680
"136","ptZeiguy48WjP56",29,"female","learning",0,"deck4",NA,NA,NA,NA,8,"parity",7,69,152.000000234693,"good",5,1,"Look ","no",6,7,8,6,7,8,2,3,4,4,3,2,3,4,2,3,4,3,4,3,2,3,4,3,0,2,3,4,3,2,3,4,3,3,4,2,4,3,2,4,3,4,2,3,4,3,4,2,3,4,4,376336
"137","ptZeiguy48WjP56",29,"female","learning",0,"deck5",NA,NA,NA,NA,1,"parity",2,73,23.0000000447035,"good",5,1,"Look ","no",6,7,8,6,7,8,2,3,4,4,3,2,3,4,2,3,4,3,4,3,2,3,4,3,0,2,3,4,3,2,3,4,3,3,4,2,4,3,2,4,3,4,2,3,4,3,4,2,3,4,4,377806
"138","ptZeiguy48WjP56",29,"female","learning",0,"deck5",NA,NA,NA,NA,2,"magnitude",6,69,126.999999862164,"good",5,1,"Look ","no",6,7,8,6,7,8,2,3,4,4,3,2,3,4,2,3,4,3,4,3,2,3,4,3,0,2,3,4,3,2,3,4,3,3,4,2,4,3,2,4,3,4,2,3,4,3,4,2,3,4,4,378434
"139","ptZeiguy48WjP56",29,"female","learning",0,"deck5",NA,NA,NA,NA,3,"parity",3,73,34.9999996833503,"good",5,1,"Look ","no",6,7,8,6,7,8,2,3,4,4,3,2,3,4,2,3,4,3,4,3,2,3,4,3,0,2,3,4,3,2,3,4,3,3,4,2,4,3,2,4,3,4,2,3,4,3,4,2,3,4,4,378971
"140","ptZeiguy48WjP56",29,"female","learning",0,"deck5",NA,NA,NA,NA,4,"parity",4,69,172.999999951571,"good",5,1,"Look ","no",6,7,8,6,7,8,2,3,4,4,3,2,3,4,2,3,4,3,4,3,2,3,4,3,0,2,3,4,3,2,3,4,3,3,4,2,4,3,2,4,3,4,2,3,4,3,4,2,3,4,4,379645
"141","ptZeiguy48WjP56",29,"female","learning",0,"deck5",NA,NA,NA,NA,5,"magnitude",2,69,6.99999975040555,"good",5,1,"Look ","no",6,7,8,6,7,8,2,3,4,4,3,2,3,4,2,3,4,3,4,3,2,3,4,3,0,2,3,4,3,2,3,4,3,3,4,2,4,3,2,4,3,4,2,3,4,3,4,2,3,4,4,380152
"142","ptZeiguy48WjP56",29,"female","learning",0,"deck5",NA,NA,NA,NA,6,"magnitude",6,69,55.9999998658895,"good",5,1,"Look ","no",6,7,8,6,7,8,2,3,4,4,3,2,3,4,2,3,4,3,4,3,2,3,4,3,0,2,3,4,3,2,3,4,3,3,4,2,4,3,2,4,3,4,2,3,4,3,4,2,3,4,4,380710
"143","ptZeiguy48WjP56",29,"female","learning",0,"deck5",NA,NA,NA,NA,7,"parity",7,73,20.9999997168779,"good",5,1,"Look ","no",6,7,8,6,7,8,2,3,4,4,3,2,3,4,2,3,4,3,4,3,2,3,4,3,0,2,3,4,3,2,3,4,3,3,4,2,4,3,2,4,3,4,2,3,4,3,4,2,3,4,4,381233
"144","ptZeiguy48WjP56",29,"female","learning",0,"deck5",NA,NA,NA,NA,8,"magnitude",1,69,93.9999995753169,"good",5,1,"Look ","no",6,7,8,6,7,8,2,3,4,4,3,2,3,4,2,3,4,3,4,3,2,3,4,3,0,2,3,4,3,2,3,4,3,3,4,2,4,3,2,4,3,4,2,3,4,3,4,2,3,4,4,381829
"145","ptZeiguy48WjP56",29,"female","learning",0,"deck5",NA,NA,NA,NA,9,"parity",3,69,121.000000275671,"good",5,1,"Look ","no",6,7,8,6,7,8,2,3,4,4,3,2,3,4,2,3,4,3,4,3,2,3,4,3,0,2,3,4,3,2,3,4,3,3,4,2,4,3,2,4,3,4,2,3,4,3,4,2,3,4,4,382453
"146","ptZeiguy48WjP56",29,"female","learning",0,"deck5",NA,NA,NA,NA,10,"parity",4,73,229.999999981374,"good",5,1,"Look ","no",6,7,8,6,7,8,2,3,4,4,3,2,3,4,2,3,4,3,4,3,2,3,4,3,0,2,3,4,3,2,3,4,3,3,4,2,4,3,2,4,3,4,2,3,4,3,4,2,3,4,4,383186
"147","ptZeiguy48WjP56",29,"female","learning",0,"deck5",NA,NA,NA,NA,11,"magnitude",2,69,41.0000002011657,"good",5,1,"Look ","no",6,7,8,6,7,8,2,3,4,4,3,2,3,4,2,3,4,3,4,3,2,3,4,3,0,2,3,4,3,2,3,4,3,3,4,2,4,3,2,4,3,4,2,3,4,3,4,2,3,4,4,383727
"148","ptZeiguy48WjP56",29,"female","learning",0,"deck5",NA,NA,NA,NA,12,"magnitude",1,73,29.0000000968575,"good",5,1,"Look ","no",6,7,8,6,7,8,2,3,4,4,3,2,3,4,2,3,4,3,4,3,2,3,4,3,0,2,3,4,3,2,3,4,3,3,4,2,4,3,2,4,3,4,2,3,4,3,4,2,3,4,4,384259
"149","ptZeiguy48WjP56",29,"female","learning",0,"deck5",NA,NA,NA,NA,13,"magnitude",1,69,192.999999970198,"good",5,1,"Look ","no",6,7,8,6,7,8,2,3,4,4,3,2,3,4,2,3,4,3,4,3,2,3,4,3,0,2,3,4,3,2,3,4,3,3,4,2,4,3,2,4,3,4,2,3,4,3,4,2,3,4,4,384954
"150","ptZeiguy48WjP56",29,"female","learning",0,"deck5",NA,NA,NA,NA,14,"parity",3,69,137.000000104308,"good",5,1,"Look ","no",6,7,8,6,7,8,2,3,4,4,3,2,3,4,2,3,4,3,4,3,2,3,4,3,0,2,3,4,3,2,3,4,3,3,4,2,4,3,2,4,3,4,2,3,4,3,4,2,3,4,4,385594
"151","ptZeiguy48WjP56",29,"female","learning",0,"deck5",NA,NA,NA,NA,15,"parity",3,69,63.0000000819564,"good",5,1,"Look ","no",6,7,8,6,7,8,2,3,4,4,3,2,3,4,2,3,4,3,4,3,2,3,4,3,0,2,3,4,3,2,3,4,3,3,4,2,4,3,2,4,3,4,2,3,4,3,4,2,3,4,4,386158
"152","ptZeiguy48WjP56",29,"female","learning",0,"deck5",NA,NA,NA,NA,16,"parity",2,69,35.9999998472631,"good",5,1,"Look ","no",6,7,8,6,7,8,2,3,4,4,3,2,3,4,2,3,4,3,4,3,2,3,4,3,0,2,3,4,3,2,3,4,3,3,4,2,4,3,2,4,3,4,2,3,4,3,4,2,3,4,4,386696
"153","ptZeiguy48WjP56",29,"female","learning",0,"deck5",NA,NA,NA,NA,17,"parity",6,69,54.0000000037253,"good",5,1,"Look ","no",6,7,8,6,7,8,2,3,4,4,3,2,3,4,2,3,4,3,4,3,2,3,4,3,0,2,3,4,3,2,3,4,3,3,4,2,4,3,2,4,3,4,2,3,4,3,4,2,3,4,4,387282
"154","ptZeiguy48WjP56",29,"female","learning",0,"deck5",NA,NA,NA,NA,18,"magnitude",8,69,18.0000001564622,"good",5,1,"Look ","no",6,7,8,6,7,8,2,3,4,4,3,2,3,4,2,3,4,3,4,3,2,3,4,3,0,2,3,4,3,2,3,4,3,3,4,2,4,3,2,4,3,4,2,3,4,3,4,2,3,4,4,387802
"155","ptZeiguy48WjP56",29,"female","learning",0,"deck6",NA,NA,NA,NA,1,"parity",7,69,146.000000182539,"good",5,1,"Look ","no",6,7,8,6,7,8,2,3,4,4,3,2,3,4,2,3,4,3,4,3,2,3,4,3,0,2,3,4,3,2,3,4,3,3,4,2,4,3,2,4,3,4,2,3,4,3,4,2,3,4,4,389400
"156","ptZeiguy48WjP56",29,"female","learning",0,"deck6",NA,NA,NA,NA,2,"magnitude",9,69,7.00000021606684,"good",5,1,"Look ","no",6,7,8,6,7,8,2,3,4,4,3,2,3,4,2,3,4,3,4,3,2,3,4,3,0,2,3,4,3,2,3,4,3,3,4,2,4,3,2,4,3,4,2,3,4,3,4,2,3,4,4,389909
"157","ptZeiguy48WjP56",29,"female","learning",0,"deck6",NA,NA,NA,NA,3,"magnitude",3,73,38.9999998733401,"good",5,1,"Look ","no",6,7,8,6,7,8,2,3,4,4,3,2,3,4,2,3,4,3,4,3,2,3,4,3,0,2,3,4,3,2,3,4,3,3,4,2,4,3,2,4,3,4,2,3,4,3,4,2,3,4,4,390449
"158","ptZeiguy48WjP56",29,"female","learning",0,"deck6",NA,NA,NA,NA,4,"parity",2,69,245.000000111759,"good",5,1,"Look ","no",6,7,8,6,7,8,2,3,4,4,3,2,3,4,2,3,4,3,4,3,2,3,4,3,0,2,3,4,3,2,3,4,3,3,4,2,4,3,2,4,3,4,2,3,4,3,4,2,3,4,4,391198
"159","ptZeiguy48WjP56",29,"female","learning",0,"deck6",NA,NA,NA,NA,5,"magnitude",1,69,46.000000089407,"good",5,1,"Look ","no",6,7,8,6,7,8,2,3,4,4,3,2,3,4,2,3,4,3,4,3,2,3,4,3,0,2,3,4,3,2,3,4,3,3,4,2,4,3,2,4,3,4,2,3,4,3,4,2,3,4,4,391746
"160","ptZeiguy48WjP56",29,"female","learning",0,"deck6",NA,NA,NA,NA,6,"parity",3,73,44.9999999254942,"good",5,1,"Look ","no",6,7,8,6,7,8,2,3,4,4,3,2,3,4,2,3,4,3,4,3,2,3,4,3,0,2,3,4,3,2,3,4,3,3,4,2,4,3,2,4,3,4,2,3,4,3,4,2,3,4,4,392294
"161","ptZeiguy48WjP56",29,"female","learning",0,"deck6",NA,NA,NA,NA,7,"magnitude",3,69,113.000000361353,"good",5,1,"Look ","no",6,7,8,6,7,8,2,3,4,4,3,2,3,4,2,3,4,3,4,3,2,3,4,3,0,2,3,4,3,2,3,4,3,3,4,2,4,3,2,4,3,4,2,3,4,3,4,2,3,4,4,392910
"162","ptZeiguy48WjP56",29,"female","learning",0,"deck6",NA,NA,NA,NA,8,"parity",7,73,47.9999999515712,"good",5,1,"Look ","no",6,7,8,6,7,8,2,3,4,4,3,2,3,4,2,3,4,3,4,3,2,3,4,3,0,2,3,4,3,2,3,4,3,3,4,2,4,3,2,4,3,4,2,3,4,3,4,2,3,4,4,393462
"163","ptZeiguy48WjP56",29,"female","learning",0,"deck6",NA,NA,NA,NA,9,"magnitude",6,69,70.0000002980232,"good",5,1,"Look ","no",6,7,8,6,7,8,2,3,4,4,3,2,3,4,2,3,4,3,4,3,2,3,4,3,0,2,3,4,3,2,3,4,3,3,4,2,4,3,2,4,3,4,2,3,4,3,4,2,3,4,4,394033
"164","ptZeiguy48WjP56",29,"female","learning",0,"deck6",NA,NA,NA,NA,10,"parity",4,73,45.9999996237457,"good",5,1,"Look ","no",6,7,8,6,7,8,2,3,4,4,3,2,3,4,2,3,4,3,4,3,2,3,4,3,0,2,3,4,3,2,3,4,3,3,4,2,4,3,2,4,3,4,2,3,4,3,4,2,3,4,4,394582
"165","ptZeiguy48WjP56",29,"female","learning",0,"deck6",NA,NA,NA,NA,11,"magnitude",9,73,123.999999836087,"good",5,1,"Look ","no",6,7,8,6,7,8,2,3,4,4,3,2,3,4,2,3,4,3,4,3,2,3,4,3,0,2,3,4,3,2,3,4,3,3,4,2,4,3,2,4,3,4,2,3,4,3,4,2,3,4,4,395207
"166","ptZeiguy48WjP56",29,"female","learning",0,"deck6",NA,NA,NA,NA,12,"parity",9,69,115.999999921769,"good",5,1,"Look ","no",6,7,8,6,7,8,2,3,4,4,3,2,3,4,2,3,4,3,4,3,2,3,4,3,0,2,3,4,3,2,3,4,3,3,4,2,4,3,2,4,3,4,2,3,4,3,4,2,3,4,4,395826
"167","ptZeiguy48WjP56",29,"female","learning",0,"deck6",NA,NA,NA,NA,13,"magnitude",4,73,16.9999999925494,"good",5,1,"Look ","no",6,7,8,6,7,8,2,3,4,4,3,2,3,4,2,3,4,3,4,3,2,3,4,3,0,2,3,4,3,2,3,4,3,3,4,2,4,3,2,4,3,4,2,3,4,3,4,2,3,4,4,396349
"168","ptZeiguy48WjP56",29,"female","learning",0,"deck1",NA,NA,NA,NA,1,"magnitude",3,73,37.0000000111759,"good",5,1,"Look ","no",6,7,8,6,7,8,2,3,4,4,3,2,3,4,2,3,4,3,4,3,2,3,4,3,0,2,3,4,3,2,3,4,3,3,4,2,4,3,2,4,3,4,2,3,4,3,4,2,3,4,4,397686
"169","ptZeiguy48WjP56",29,"female","learning",0,"deck1",NA,NA,NA,NA,2,"magnitude",6,69,128.000000026077,"good",5,1,"Look ","no",6,7,8,6,7,8,2,3,4,4,3,2,3,4,2,3,4,3,4,3,2,3,4,3,0,2,3,4,3,2,3,4,3,3,4,2,4,3,2,4,3,4,2,3,4,3,4,2,3,4,4,398316
"170","ptZeiguy48WjP56",29,"female","learning",0,"deck1",NA,NA,NA,NA,3,"magnitude",6,73,75.999999884516,"good",5,1,"Look ","no",6,7,8,6,7,8,2,3,4,4,3,2,3,4,2,3,4,3,4,3,2,3,4,3,0,2,3,4,3,2,3,4,3,3,4,2,4,3,2,4,3,4,2,3,4,3,4,2,3,4,4,398895
"171","ptZeiguy48WjP56",29,"female","learning",0,"deck1",NA,NA,NA,NA,4,"magnitude",8,69,86.0000001266599,"good",5,1,"Look ","no",6,7,8,6,7,8,2,3,4,4,3,2,3,4,2,3,4,3,4,3,2,3,4,3,0,2,3,4,3,2,3,4,3,3,4,2,4,3,2,4,3,4,2,3,4,3,4,2,3,4,4,399494
"172","ptZeiguy48WjP56",29,"female","learning",0,"deck1",NA,NA,NA,NA,5,"parity",4,73,58.9999998919666,"good",5,1,"Look ","no",6,7,8,6,7,8,2,3,4,4,3,2,3,4,2,3,4,3,4,3,2,3,4,3,0,2,3,4,3,2,3,4,3,3,4,2,4,3,2,4,3,4,2,3,4,3,4,2,3,4,4,400055
"173","ptZeiguy48WjP56",29,"female","learning",0,"deck1",NA,NA,NA,NA,6,"parity",9,69,94.9999997392297,"good",5,1,"Look ","no",6,7,8,6,7,8,2,3,4,4,3,2,3,4,2,3,4,3,4,3,2,3,4,3,0,2,3,4,3,2,3,4,3,3,4,2,4,3,2,4,3,4,2,3,4,3,4,2,3,4,4,400653
"174","ptZeiguy48WjP56",29,"female","learning",0,"deck1",NA,NA,NA,NA,7,"parity",8,73,68.9999996684492,"good",5,1,"Look ","no",6,7,8,6,7,8,2,3,4,4,3,2,3,4,2,3,4,3,4,3,2,3,4,3,0,2,3,4,3,2,3,4,3,3,4,2,4,3,2,4,3,4,2,3,4,3,4,2,3,4,4,401225
"175","ptZeiguy48WjP56",29,"female","learning",0,"deck1",NA,NA,NA,NA,8,"parity",8,69,92.0000001788139,"good",5,1,"Look ","no",6,7,8,6,7,8,2,3,4,4,3,2,3,4,2,3,4,3,4,3,2,3,4,3,0,2,3,4,3,2,3,4,3,3,4,2,4,3,2,4,3,4,2,3,4,3,4,2,3,4,4,401829
"176","ptZeiguy48WjP56",29,"female","learning",0,"deck2",NA,NA,NA,NA,1,"magnitude",6,69,102.999999653548,"good",5,1,"Look ","no",6,7,8,6,7,8,2,3,4,4,3,2,3,4,2,3,4,3,4,3,2,3,4,3,0,2,3,4,3,2,3,4,3,3,4,2,4,3,2,4,3,4,2,3,4,3,4,2,3,4,4,404010
"177","ptZeiguy48WjP56",29,"female","learning",0,"deck2",NA,NA,NA,NA,2,"parity",4,73,27.0000002346933,"good",5,1,"Look ","no",6,7,8,6,7,8,2,3,4,4,3,2,3,4,2,3,4,3,4,3,2,3,4,3,0,2,3,4,3,2,3,4,3,3,4,2,4,3,2,4,3,4,2,3,4,3,4,2,3,4,4,404545
"178","ptZeiguy48WjP56",29,"female","learning",0,"deck2",NA,NA,NA,NA,3,"magnitude",7,69,112.00000019744,"good",5,1,"Look ","no",6,7,8,6,7,8,2,3,4,4,3,2,3,4,2,3,4,3,4,3,2,3,4,3,0,2,3,4,3,2,3,4,3,3,4,2,4,3,2,4,3,4,2,3,4,3,4,2,3,4,4,405158
"179","ptZeiguy48WjP56",29,"female","learning",0,"deck2",NA,NA,NA,NA,4,"parity",9,73,23.999999742955,"good",5,1,"Look ","no",6,7,8,6,7,8,2,3,4,4,3,2,3,4,2,3,4,3,4,3,2,3,4,3,0,2,3,4,3,2,3,4,3,3,4,2,4,3,2,4,3,4,2,3,4,3,4,2,3,4,4,405685
"180","ptZeiguy48WjP56",29,"female","learning",0,"deck2",NA,NA,NA,NA,5,"parity",4,69,50.9999999776483,"good",5,1,"Look ","no",6,7,8,6,7,8,2,3,4,4,3,2,3,4,2,3,4,3,4,3,2,3,4,3,0,2,3,4,3,2,3,4,3,3,4,2,4,3,2,4,3,4,2,3,4,3,4,2,3,4,4,406237
"181","ptZeiguy48WjP56",29,"female","learning",0,"deck2",NA,NA,NA,NA,6,"parity",7,73,50.9999999776483,"good",5,1,"Look ","no",6,7,8,6,7,8,2,3,4,4,3,2,3,4,2,3,4,3,4,3,2,3,4,3,0,2,3,4,3,2,3,4,3,3,4,2,4,3,2,4,3,4,2,3,4,3,4,2,3,4,4,406791
"182","ptZeiguy48WjP56",29,"female","learning",0,"deck2",NA,NA,NA,NA,7,"magnitude",3,69,12.0000001043081,"good",5,1,"Look ","no",6,7,8,6,7,8,2,3,4,4,3,2,3,4,2,3,4,3,4,3,2,3,4,3,0,2,3,4,3,2,3,4,3,3,4,2,4,3,2,4,3,4,2,3,4,3,4,2,3,4,4,407305
"183","ptZeiguy48WjP56",29,"female","learning",0,"deck2",NA,NA,NA,NA,8,"parity",4,73,70.9999999962747,"good",5,1,"Look ","no",6,7,8,6,7,8,2,3,4,4,3,2,3,4,2,3,4,3,4,3,2,3,4,3,0,2,3,4,3,2,3,4,3,3,4,2,4,3,2,4,3,4,2,3,4,3,4,2,3,4,4,407882
"184","ptZeiguy48WjP56",29,"female","learning",0,"deck2",NA,NA,NA,NA,9,"parity",6,69,11.9999996386468,"good",5,1,"Look ","no",6,7,8,6,7,8,2,3,4,4,3,2,3,4,2,3,4,3,4,3,2,3,4,3,0,2,3,4,3,2,3,4,3,3,4,2,4,3,2,4,3,4,2,3,4,3,4,2,3,4,4,408396
"185","ptZeiguy48WjP56",29,"female","learning",0,"deck2",NA,NA,NA,NA,10,"magnitude",2,69,63.0000000819564,"good",5,1,"Look ","no",6,7,8,6,7,8,2,3,4,4,3,2,3,4,2,3,4,3,4,3,2,3,4,3,0,2,3,4,3,2,3,4,3,3,4,2,4,3,2,4,3,4,2,3,4,3,4,2,3,4,4,408962
"186","ptZeiguy48WjP56",29,"female","learning",0,"deck2",NA,NA,NA,NA,11,"magnitude",9,69,135.999999940395,"good",5,1,"Look ","no",6,7,8,6,7,8,2,3,4,4,3,2,3,4,2,3,4,3,4,3,2,3,4,3,0,2,3,4,3,2,3,4,3,3,4,2,4,3,2,4,3,4,2,3,4,3,4,2,3,4,4,409598
"187","ptZeiguy48WjP56",29,"female","learning",0,"deck2",NA,NA,NA,NA,12,"parity",4,73,63.0000000819564,"good",5,1,"Look ","no",6,7,8,6,7,8,2,3,4,4,3,2,3,4,2,3,4,3,4,3,2,3,4,3,0,2,3,4,3,2,3,4,3,3,4,2,4,3,2,4,3,4,2,3,4,3,4,2,3,4,4,410161
"188","ptZeiguy48WjP56",29,"female","learning",0,"deck2",NA,NA,NA,NA,13,"parity",1,69,165.999999735504,"good",5,1,"Look ","no",6,7,8,6,7,8,2,3,4,4,3,2,3,4,2,3,4,3,4,3,2,3,4,3,0,2,3,4,3,2,3,4,3,3,4,2,4,3,2,4,3,4,2,3,4,3,4,2,3,4,4,410829
"189","ptZeiguy48WjP56",29,"female","learning",0,"deck2",NA,NA,NA,NA,14,"parity",9,73,101.999999955297,"good",5,1,"Look ","no",6,7,8,6,7,8,2,3,4,4,3,2,3,4,2,3,4,3,4,3,2,3,4,3,0,2,3,4,3,2,3,4,3,3,4,2,4,3,2,4,3,4,2,3,4,3,4,2,3,4,4,411433
"190","ptZeiguy48WjP56",29,"female","learning",0,"deck3",NA,NA,NA,NA,1,"parity",7,73,35.0000001490116,"good",5,1,"Look ","no",6,7,8,6,7,8,2,3,4,4,3,2,3,4,2,3,4,3,4,3,2,3,4,3,0,2,3,4,3,2,3,4,3,3,4,2,4,3,2,4,3,4,2,3,4,3,4,2,3,4,4,414696
"191","ptZeiguy48WjP56",29,"female","learning",0,"deck3",NA,NA,NA,NA,2,"magnitude",2,69,86.0000001266599,"good",5,1,"Look ","no",6,7,8,6,7,8,2,3,4,4,3,2,3,4,2,3,4,3,4,3,2,3,4,3,0,2,3,4,3,2,3,4,3,3,4,2,4,3,2,4,3,4,2,3,4,3,4,2,3,4,4,415286
"192","ptZeiguy48WjP56",29,"female","learning",0,"deck3",NA,NA,NA,NA,3,"parity",2,73,24.0000002086163,"good",5,1,"Look ","no",6,7,8,6,7,8,2,3,4,4,3,2,3,4,2,3,4,3,4,3,2,3,4,3,0,2,3,4,3,2,3,4,3,3,4,2,4,3,2,4,3,4,2,3,4,3,4,2,3,4,4,415812
"193","ptZeiguy48WjP56",29,"female","learning",0,"deck3",NA,NA,NA,NA,4,"magnitude",1,69,91.0000000149012,"good",5,1,"Look ","no",6,7,8,6,7,8,2,3,4,4,3,2,3,4,2,3,4,3,4,3,2,3,4,3,0,2,3,4,3,2,3,4,3,3,4,2,4,3,2,4,3,4,2,3,4,3,4,2,3,4,4,416404
"194","ptZeiguy48WjP56",29,"female","learning",0,"deck3",NA,NA,NA,NA,5,"parity",4,73,33.0000002868474,"good",5,1,"Look ","no",6,7,8,6,7,8,2,3,4,4,3,2,3,4,2,3,4,3,4,3,2,3,4,3,0,2,3,4,3,2,3,4,3,3,4,2,4,3,2,4,3,4,2,3,4,3,4,2,3,4,4,416939
"195","ptZeiguy48WjP56",29,"female","learning",0,"deck3",NA,NA,NA,NA,6,"magnitude",4,69,59.9999995902181,"good",5,1,"Look ","no",6,7,8,6,7,8,2,3,4,4,3,2,3,4,2,3,4,3,4,3,2,3,4,3,0,2,3,4,3,2,3,4,3,3,4,2,4,3,2,4,3,4,2,3,4,3,4,2,3,4,4,417506
"196","ptZeiguy48WjP56",29,"female","learning",0,"deck3",NA,NA,NA,NA,7,"parity",2,73,73.0000003241003,"good",5,1,"Look ","no",6,7,8,6,7,8,2,3,4,4,3,2,3,4,2,3,4,3,4,3,2,3,4,3,0,2,3,4,3,2,3,4,3,3,4,2,4,3,2,4,3,4,2,3,4,3,4,2,3,4,4,418083
"197","ptZeiguy48WjP56",29,"female","learning",0,"deck3",NA,NA,NA,NA,8,"magnitude",6,69,74.9999997206032,"good",5,1,"Look ","no",6,7,8,6,7,8,2,3,4,4,3,2,3,4,2,3,4,3,4,3,2,3,4,3,0,2,3,4,3,2,3,4,3,3,4,2,4,3,2,4,3,4,2,3,4,3,4,2,3,4,4,418664
"198","ptZeiguy48WjP56",29,"female","learning",0,"deck3",NA,NA,NA,NA,9,"parity",4,69,9.99999977648258,"good",5,1,"Look ","no",6,7,8,6,7,8,2,3,4,4,3,2,3,4,2,3,4,3,4,3,2,3,4,3,0,2,3,4,3,2,3,4,3,3,4,2,4,3,2,4,3,4,2,3,4,3,4,2,3,4,4,419181
"199","ptZeiguy48WjP56",29,"female","learning",0,"deck3",NA,NA,NA,NA,10,"parity",1,73,21.0000001825392,"good",5,1,"Look ","no",6,7,8,6,7,8,2,3,4,4,3,2,3,4,2,3,4,3,4,3,2,3,4,3,0,2,3,4,3,2,3,4,3,3,4,2,4,3,2,4,3,4,2,3,4,3,4,2,3,4,4,419703
"200","ptZeiguy48WjP56",29,"female","learning",0,"deck3",NA,NA,NA,NA,11,"magnitude",2,69,108.000000007451,"good",5,1,"Look ","no",6,7,8,6,7,8,2,3,4,4,3,2,3,4,2,3,4,3,4,3,2,3,4,3,0,2,3,4,3,2,3,4,3,3,4,2,4,3,2,4,3,4,2,3,4,3,4,2,3,4,4,420313
"201","ptZeiguy48WjP56",29,"female","learning",0,"deck3",NA,NA,NA,NA,12,"parity",8,69,4.99999988824129,"good",5,1,"Look ","no",6,7,8,6,7,8,2,3,4,4,3,2,3,4,2,3,4,3,4,3,2,3,4,3,0,2,3,4,3,2,3,4,3,3,4,2,4,3,2,4,3,4,2,3,4,3,4,2,3,4,4,420821
"202","ptZeiguy48WjP56",29,"female","learning",0,"deck4",NA,NA,NA,NA,1,"magnitude",8,73,75.0000001862645,"good",5,1,"Look ","no",6,7,8,6,7,8,2,3,4,4,3,2,3,4,2,3,4,3,4,3,2,3,4,3,0,2,3,4,3,2,3,4,3,3,4,2,4,3,2,4,3,4,2,3,4,3,4,2,3,4,4,422725
"203","ptZeiguy48WjP56",29,"female","learning",0,"deck4",NA,NA,NA,NA,2,"magnitude",3,73,4.99999988824129,"good",5,1,"Look ","no",6,7,8,6,7,8,2,3,4,4,3,2,3,4,2,3,4,3,4,3,2,3,4,3,0,2,3,4,3,2,3,4,3,3,4,2,4,3,2,4,3,4,2,3,4,3,4,2,3,4,4,423261
"204","ptZeiguy48WjP56",29,"female","learning",0,"deck4",NA,NA,NA,NA,3,"magnitude",7,69,98.9999999292195,"good",5,1,"Look ","no",6,7,8,6,7,8,2,3,4,4,3,2,3,4,2,3,4,3,4,3,2,3,4,3,0,2,3,4,3,2,3,4,3,3,4,2,4,3,2,4,3,4,2,3,4,3,4,2,3,4,4,423865
"205","ptZeiguy48WjP56",29,"female","learning",0,"deck4",NA,NA,NA,NA,4,"magnitude",2,73,44.9999999254942,"good",5,1,"Look ","no",6,7,8,6,7,8,2,3,4,4,3,2,3,4,2,3,4,3,4,3,2,3,4,3,0,2,3,4,3,2,3,4,3,3,4,2,4,3,2,4,3,4,2,3,4,3,4,2,3,4,4,424413
"206","ptZeiguy48WjP56",29,"female","learning",0,"deck4",NA,NA,NA,NA,5,"magnitude",6,69,99.0000003948808,"good",5,1,"Look ","no",6,7,8,6,7,8,2,3,4,4,3,2,3,4,2,3,4,3,4,3,2,3,4,3,0,2,3,4,3,2,3,4,3,3,4,2,4,3,2,4,3,4,2,3,4,3,4,2,3,4,4,425013
"207","ptZeiguy48WjP56",29,"female","learning",0,"deck4",NA,NA,NA,NA,6,"magnitude",3,73,72.999999858439,"good",5,1,"Look ","no",6,7,8,6,7,8,2,3,4,4,3,2,3,4,2,3,4,3,4,3,2,3,4,3,0,2,3,4,3,2,3,4,3,3,4,2,4,3,2,4,3,4,2,3,4,3,4,2,3,4,4,425592
"208","ptZeiguy48WjP56",29,"female","learning",0,"deck4",NA,NA,NA,NA,7,"magnitude",6,69,108.000000007451,"good",5,1,"Look ","no",6,7,8,6,7,8,2,3,4,4,3,2,3,4,2,3,4,3,4,3,2,3,4,3,0,2,3,4,3,2,3,4,3,3,4,2,4,3,2,4,3,4,2,3,4,3,4,2,3,4,4,426208
"209","ptZeiguy48WjP56",29,"female","learning",0,"deck4",NA,NA,NA,NA,8,"magnitude",3,73,106.000000145286,"good",5,1,"Look ","no",6,7,8,6,7,8,2,3,4,4,3,2,3,4,2,3,4,3,4,3,2,3,4,3,0,2,3,4,3,2,3,4,3,3,4,2,4,3,2,4,3,4,2,3,4,3,4,2,3,4,4,426820
"210","ptZeiguy48WjP56",29,"female","learning",0,"deck4",NA,NA,NA,NA,9,"magnitude",6,69,83.9999997988343,"good",5,1,"Look ","no",6,7,8,6,7,8,2,3,4,4,3,2,3,4,2,3,4,3,4,3,2,3,4,3,0,2,3,4,3,2,3,4,3,3,4,2,4,3,2,4,3,4,2,3,4,3,4,2,3,4,4,427406
"211","ptZeiguy48WjP56",29,"female","learning",0,"deck4",NA,NA,NA,NA,10,"parity",8,73,148.000000044703,"good",5,1,"Look ","no",6,7,8,6,7,8,2,3,4,4,3,2,3,4,2,3,4,3,4,3,2,3,4,3,0,2,3,4,3,2,3,4,3,3,4,2,4,3,2,4,3,4,2,3,4,3,4,2,3,4,4,428057
"212","ptZeiguy48WjP56",29,"female","learning",0,"deck5",NA,NA,NA,NA,1,"magnitude",1,73,27.9999999329448,"good",5,1,"Look ","no",6,7,8,6,7,8,2,3,4,4,3,2,3,4,2,3,4,3,4,3,2,3,4,3,0,2,3,4,3,2,3,4,3,3,4,2,4,3,2,4,3,4,2,3,4,3,4,2,3,4,4,429788
"213","ptZeiguy48WjP56",29,"female","learning",0,"deck5",NA,NA,NA,NA,2,"parity",3,69,121.999999973923,"good",5,1,"Look ","no",6,7,8,6,7,8,2,3,4,4,3,2,3,4,2,3,4,3,4,3,2,3,4,3,0,2,3,4,3,2,3,4,3,3,4,2,4,3,2,4,3,4,2,3,4,3,4,2,3,4,4,430415
"214","ptZeiguy48WjP56",29,"female","learning",0,"deck5",NA,NA,NA,NA,3,"parity",4,69,1.00000016391277,"good",5,1,"Look ","no",6,7,8,6,7,8,2,3,4,4,3,2,3,4,2,3,4,3,4,3,2,3,4,3,0,2,3,4,3,2,3,4,3,3,4,2,4,3,2,4,3,4,2,3,4,3,4,2,3,4,4,430921
"215","ptZeiguy48WjP56",29,"female","learning",0,"deck5",NA,NA,NA,NA,4,"parity",4,73,41.9999998994172,"good",5,1,"Look ","no",6,7,8,6,7,8,2,3,4,4,3,2,3,4,2,3,4,3,4,3,2,3,4,3,0,2,3,4,3,2,3,4,3,3,4,2,4,3,2,4,3,4,2,3,4,3,4,2,3,4,4,431463
"216","ptZeiguy48WjP56",29,"female","learning",0,"deck5",NA,NA,NA,NA,5,"parity",3,69,106.999999843538,"good",5,1,"Look ","no",6,7,8,6,7,8,2,3,4,4,3,2,3,4,2,3,4,3,4,3,2,3,4,3,0,2,3,4,3,2,3,4,3,3,4,2,4,3,2,4,3,4,2,3,4,3,4,2,3,4,4,432073
"217","ptZeiguy48WjP56",29,"female","learning",0,"deck5",NA,NA,NA,NA,6,"parity",7,73,63.0000000819564,"good",5,1,"Look ","no",6,7,8,6,7,8,2,3,4,4,3,2,3,4,2,3,4,3,4,3,2,3,4,3,0,2,3,4,3,2,3,4,3,3,4,2,4,3,2,4,3,4,2,3,4,3,4,2,3,4,4,432637
"218","ptZeiguy48WjP56",29,"female","learning",0,"deck5",NA,NA,NA,NA,7,"magnitude",7,69,123.000000137836,"good",5,1,"Look ","no",6,7,8,6,7,8,2,3,4,4,3,2,3,4,2,3,4,3,4,3,2,3,4,3,0,2,3,4,3,2,3,4,3,3,4,2,4,3,2,4,3,4,2,3,4,3,4,2,3,4,4,433263
"219","ptZeiguy48WjP56",29,"female","learning",0,"deck5",NA,NA,NA,NA,8,"parity",3,73,60.0000000558794,"good",5,1,"Look ","no",6,7,8,6,7,8,2,3,4,4,3,2,3,4,2,3,4,3,4,3,2,3,4,3,0,2,3,4,3,2,3,4,3,3,4,2,4,3,2,4,3,4,2,3,4,3,4,2,3,4,4,433824
"220","ptZeiguy48WjP56",29,"female","learning",0,"deck5",NA,NA,NA,NA,9,"parity",8,69,115.000000223517,"good",5,1,"Look ","no",6,7,8,6,7,8,2,3,4,4,3,2,3,4,2,3,4,3,4,3,2,3,4,3,0,2,3,4,3,2,3,4,3,3,4,2,4,3,2,4,3,4,2,3,4,3,4,2,3,4,4,434442
"221","ptZeiguy48WjP56",29,"female","learning",0,"deck5",NA,NA,NA,NA,10,"magnitude",7,73,35.9999998472631,"good",5,1,"Look ","no",6,7,8,6,7,8,2,3,4,4,3,2,3,4,2,3,4,3,4,3,2,3,4,3,0,2,3,4,3,2,3,4,3,3,4,2,4,3,2,4,3,4,2,3,4,3,4,2,3,4,4,434978
"222","ptZeiguy48WjP56",29,"female","learning",0,"deck5",NA,NA,NA,NA,11,"parity",8,69,112.999999895692,"good",5,1,"Look ","no",6,7,8,6,7,8,2,3,4,4,3,2,3,4,2,3,4,3,4,3,2,3,4,3,0,2,3,4,3,2,3,4,3,3,4,2,4,3,2,4,3,4,2,3,4,3,4,2,3,4,4,435599
"223","ptZeiguy48WjP56",29,"female","learning",0,"deck5",NA,NA,NA,NA,12,"magnitude",3,69,15.9999998286366,"good",5,1,"Look ","no",6,7,8,6,7,8,2,3,4,4,3,2,3,4,2,3,4,3,4,3,2,3,4,3,0,2,3,4,3,2,3,4,3,3,4,2,4,3,2,4,3,4,2,3,4,3,4,2,3,4,4,436117
"224","ptZeiguy48WjP56",29,"female","learning",0,"deck5",NA,NA,NA,NA,13,"magnitude",7,73,15.0000001303852,"good",5,1,"Look ","no",6,7,8,6,7,8,2,3,4,4,3,2,3,4,2,3,4,3,4,3,2,3,4,3,0,2,3,4,3,2,3,4,3,3,4,2,4,3,2,4,3,4,2,3,4,3,4,2,3,4,4,436634
"225","ptZeiguy48WjP56",29,"female","learning",0,"deck5",NA,NA,NA,NA,14,"parity",7,69,98.000000230968,"good",5,1,"Look ","no",6,7,8,6,7,8,2,3,4,4,3,2,3,4,2,3,4,3,4,3,2,3,4,3,0,2,3,4,3,2,3,4,3,3,4,2,4,3,2,4,3,4,2,3,4,3,4,2,3,4,4,437235
"226","ptZeiguy48WjP56",29,"female","learning",0,"deck6",NA,NA,NA,NA,1,"parity",2,73,26.999999769032,"good",5,1,"Look ","no",6,7,8,6,7,8,2,3,4,4,3,2,3,4,2,3,4,3,4,3,2,3,4,3,0,2,3,4,3,2,3,4,3,3,4,2,4,3,2,4,3,4,2,3,4,3,4,2,3,4,4,438494
"227","ptZeiguy48WjP56",29,"female","learning",0,"deck6",NA,NA,NA,NA,2,"magnitude",3,69,94.0000000409782,"good",5,1,"Look ","no",6,7,8,6,7,8,2,3,4,4,3,2,3,4,2,3,4,3,4,3,2,3,4,3,0,2,3,4,3,2,3,4,3,3,4,2,4,3,2,4,3,4,2,3,4,3,4,2,3,4,4,439090
"228","ptZeiguy48WjP56",29,"female","learning",0,"deck6",NA,NA,NA,NA,3,"magnitude",3,69,25.9999996051192,"good",5,1,"Look ","no",6,7,8,6,7,8,2,3,4,4,3,2,3,4,2,3,4,3,4,3,2,3,4,3,0,2,3,4,3,2,3,4,3,3,4,2,4,3,2,4,3,4,2,3,4,3,4,2,3,4,4,439617
"229","ptZeiguy48WjP56",29,"female","learning",0,"deck6",NA,NA,NA,NA,4,"parity",4,69,233.000000007451,"good",5,1,"Look ","no",6,7,8,6,7,8,2,3,4,4,3,2,3,4,2,3,4,3,4,3,2,3,4,3,0,2,3,4,3,2,3,4,3,3,4,2,4,3,2,4,3,4,2,3,4,3,4,2,3,4,4,440352
"230","ptZeiguy48WjP56",29,"female","learning",0,"deck6",NA,NA,NA,NA,5,"magnitude",7,69,185.000000055879,"good",5,1,"Look ","no",6,7,8,6,7,8,2,3,4,4,3,2,3,4,2,3,4,3,4,3,2,3,4,3,0,2,3,4,3,2,3,4,3,3,4,2,4,3,2,4,3,4,2,3,4,3,4,2,3,4,4,441037
"231","ptZeiguy48WjP56",29,"female","learning",0,"deck6",NA,NA,NA,NA,6,"parity",7,69,128.000000026077,"good",5,1,"Look ","no",6,7,8,6,7,8,2,3,4,4,3,2,3,4,2,3,4,3,4,3,2,3,4,3,0,2,3,4,3,2,3,4,3,3,4,2,4,3,2,4,3,4,2,3,4,3,4,2,3,4,4,441668
"232","ptZeiguy48WjP56",29,"female","learning",0,"deck6",NA,NA,NA,NA,7,"magnitude",9,73,24.9999999068677,"good",5,1,"Look ","no",6,7,8,6,7,8,2,3,4,4,3,2,3,4,2,3,4,3,4,3,2,3,4,3,0,2,3,4,3,2,3,4,3,3,4,2,4,3,2,4,3,4,2,3,4,3,4,2,3,4,4,442193
"233","ptZeiguy48WjP56",29,"female","learning",0,"deck6",NA,NA,NA,NA,8,"parity",9,69,120.000000111759,"good",5,1,"Look ","no",6,7,8,6,7,8,2,3,4,4,3,2,3,4,2,3,4,3,4,3,2,3,4,3,0,2,3,4,3,2,3,4,3,3,4,2,4,3,2,4,3,4,2,3,4,3,4,2,3,4,4,442815
"234","ptZeiguy48WjP56",29,"female","learning",0,"deck6",NA,NA,NA,NA,9,"magnitude",8,73,83.9999997988343,"good",5,1,"Look ","no",6,7,8,6,7,8,2,3,4,4,3,2,3,4,2,3,4,3,4,3,2,3,4,3,0,2,3,4,3,2,3,4,3,3,4,2,4,3,2,4,3,4,2,3,4,3,4,2,3,4,4,443401
"235","ptZeiguy48WjP56",29,"female","learning",0,"deck6",NA,NA,NA,NA,10,"parity",2,69,118.999999947846,"good",5,1,"Look ","no",6,7,8,6,7,8,2,3,4,4,3,2,3,4,2,3,4,3,4,3,2,3,4,3,0,2,3,4,3,2,3,4,3,3,4,2,4,3,2,4,3,4,2,3,4,3,4,2,3,4,4,444022
"236","ptZeiguy48WjP56",29,"female","learning",0,"deck6",NA,NA,NA,NA,11,"magnitude",3,73,33.9999999850988,"good",5,1,"Look ","no",6,7,8,6,7,8,2,3,4,4,3,2,3,4,2,3,4,3,4,3,2,3,4,3,0,2,3,4,3,2,3,4,3,3,4,2,4,3,2,4,3,4,2,3,4,3,4,2,3,4,4,444557
"237","ptZeiguy48WjP56",29,"female","learning",0,"deck6",NA,NA,NA,NA,12,"parity",3,69,83.0000001005828,"good",5,1,"Look ","no",6,7,8,6,7,8,2,3,4,4,3,2,3,4,2,3,4,3,4,3,2,3,4,3,0,2,3,4,3,2,3,4,3,3,4,2,4,3,2,4,3,4,2,3,4,3,4,2,3,4,4,445143
"238","ptZeiguy48WjP56",29,"female","learning",0,"deck6",NA,NA,NA,NA,13,"magnitude",9,73,15.9999998286366,"good",5,1,"Look ","no",6,7,8,6,7,8,2,3,4,4,3,2,3,4,2,3,4,3,4,3,2,3,4,3,0,2,3,4,3,2,3,4,3,3,4,2,4,3,2,4,3,4,2,3,4,3,4,2,3,4,4,445751
"239","ptZeiguy48WjP56",29,"female","learning",0,"deck6",NA,NA,NA,NA,14,"parity",3,69,87.9999999888241,"good",5,1,"Look ","no",6,7,8,6,7,8,2,3,4,4,3,2,3,4,2,3,4,3,4,3,2,3,4,3,0,2,3,4,3,2,3,4,3,3,4,2,4,3,2,4,3,4,2,3,4,3,4,2,3,4,4,446342
"240","ptZeiguy48WjP56",29,"female","learning",0,"deck6",NA,NA,NA,NA,15,"magnitude",8,73,63.0000000819564,"good",5,1,"Look ","no",6,7,8,6,7,8,2,3,4,4,3,2,3,4,2,3,4,3,4,3,2,3,4,3,0,2,3,4,3,2,3,4,3,3,4,2,4,3,2,4,3,4,2,3,4,3,4,2,3,4,4,446907
"241","ptZeiguy48WjP56",29,"female","1",1,"deck6","deck1","P-NP",82,5289.000000339,1,"parity",1,73,171.999999787658,"good",5,1,"Look ","no",6,7,8,6,7,8,2,3,4,4,3,2,3,4,2,3,4,3,4,3,2,3,4,3,0,2,3,4,3,2,3,4,3,3,4,2,4,3,2,4,3,4,2,3,4,3,4,2,3,4,4,456923
"242","ptZeiguy48WjP56",29,"female","1",1,"deck6","deck1","P-NP",82,5289.000000339,2,"parity",7,73,199.000000022352,"good",5,1,"Look ","no",6,7,8,6,7,8,2,3,4,4,3,2,3,4,2,3,4,3,4,3,2,3,4,3,0,2,3,4,3,2,3,4,3,3,4,2,4,3,2,4,3,4,2,3,4,3,4,2,3,4,4,457625
"243","ptZeiguy48WjP56",29,"female","1",1,"deck6","deck1","P-NP",82,5289.000000339,3,"magnitude",1,73,162.999999709427,"good",5,1,"Look ","no",6,7,8,6,7,8,2,3,4,4,3,2,3,4,2,3,4,3,4,3,2,3,4,3,0,2,3,4,3,2,3,4,3,3,4,2,4,3,2,4,3,4,2,3,4,3,4,2,3,4,4,458290
"244","ptZeiguy48WjP56",29,"female","1",1,"deck6","deck1","P-NP",82,5289.000000339,4,"parity",3,73,151.000000070781,"good",5,1,"Look ","no",6,7,8,6,7,8,2,3,4,4,3,2,3,4,2,3,4,3,4,3,2,3,4,3,0,2,3,4,3,2,3,4,3,3,4,2,4,3,2,4,3,4,2,3,4,3,4,2,3,4,4,458946
"245","ptZeiguy48WjP56",29,"female","1",1,"deck6","deck1","P-NP",82,5289.000000339,5,"parity",6,73,191.999999806285,"good",5,1,"Look ","no",6,7,8,6,7,8,2,3,4,4,3,2,3,4,2,3,4,3,4,3,2,3,4,3,0,2,3,4,3,2,3,4,3,3,4,2,4,3,2,4,3,4,2,3,4,3,4,2,3,4,4,459639
"246","ptZeiguy48WjP56",29,"female","1",1,"deck6","deck1","P-NP",82,5289.000000339,6,"parity",7,73,239.999999757856,"good",5,1,"Look ","no",6,7,8,6,7,8,2,3,4,4,3,2,3,4,2,3,4,3,4,3,2,3,4,3,0,2,3,4,3,2,3,4,3,3,4,2,4,3,2,4,3,4,2,3,4,3,4,2,3,4,4,460381
"247","ptZeiguy48WjP56",29,"female","1",1,"deck6","deck1","P-NP",82,5289.000000339,7,"parity",8,73,189.999999944121,"good",5,1,"Look ","no",6,7,8,6,7,8,2,3,4,4,3,2,3,4,2,3,4,3,4,3,2,3,4,3,0,2,3,4,3,2,3,4,3,3,4,2,4,3,2,4,3,4,2,3,4,3,4,2,3,4,4,461072
"248","ptZeiguy48WjP56",29,"female","1",1,"deck6","deck1","P-NP",82,5289.000000339,8,"parity",4,69,1422.99999995157,"good",5,1,"Look ","no",6,7,8,6,7,8,2,3,4,4,3,2,3,4,2,3,4,3,4,3,2,3,4,3,0,2,3,4,3,2,3,4,3,3,4,2,4,3,2,4,3,4,2,3,4,3,4,2,3,4,4,462999
"249","ptZeiguy48WjP56",29,"female","1",1,"deck6","deck1","P-NP",82,5289.000000339,9,"parity",9,69,287.000000011176,"good",5,1,"Look ","no",6,7,8,6,7,8,2,3,4,4,3,2,3,4,2,3,4,3,4,3,2,3,4,3,0,2,3,4,3,2,3,4,3,3,4,2,4,3,2,4,3,4,2,3,4,3,4,2,3,4,4,463787
"250","ptZeiguy48WjP56",29,"female","1",1,"deck6","deck1","P-NP",82,5289.000000339,10,"parity",8,73,114.999999757856,"good",5,1,"Look ","no",6,7,8,6,7,8,2,3,4,4,3,2,3,4,2,3,4,3,4,3,2,3,4,3,0,2,3,4,3,2,3,4,3,3,4,2,4,3,2,4,3,4,2,3,4,3,4,2,3,4,4,464406
"251","ptZeiguy48WjP56",29,"female","1",1,"deck6","deck1","P-NP",82,5289.000000339,11,"parity",7,73,9.0000000782311,"good",5,1,"Look ","no",6,7,8,6,7,8,2,3,4,4,3,2,3,4,2,3,4,3,4,3,2,3,4,3,0,2,3,4,3,2,3,4,3,3,4,2,4,3,2,4,3,4,2,3,4,3,4,2,3,4,4,464916
"252","ptZeiguy48WjP56",29,"female","1",1,"deck6","deck1","P-NP",82,5289.000000339,12,"parity",6,69,16.9999999925494,"good",5,1,"Look ","no",6,7,8,6,7,8,2,3,4,4,3,2,3,4,2,3,4,3,4,3,2,3,4,3,0,2,3,4,3,2,3,4,3,3,4,2,4,3,2,4,3,4,2,3,4,3,4,2,3,4,4,465434
"253","ptZeiguy48WjP56",29,"female","1",1,"deck6","deck1","P-NP",82,5289.000000339,13,"parity",2,69,30.9999999590218,"good",5,1,"Look ","no",6,7,8,6,7,8,2,3,4,4,3,2,3,4,2,3,4,3,4,3,2,3,4,3,0,2,3,4,3,2,3,4,3,3,4,2,4,3,2,4,3,4,2,3,4,3,4,2,3,4,4,465966
"254","ptZeiguy48WjP56",29,"female","1",1,"deck6","deck1","P-NP",82,5289.000000339,14,"parity",6,69,98.000000230968,"good",5,1,"Look ","no",6,7,8,6,7,8,2,3,4,4,3,2,3,4,2,3,4,3,4,3,2,3,4,3,0,2,3,4,3,2,3,4,3,3,4,2,4,3,2,4,3,4,2,3,4,3,4,2,3,4,4,466590
"255","ptZeiguy48WjP56",29,"female","1",1,"deck6","deck1","P-NP",82,5289.000000339,15,"parity",6,73,9.0000000782311,"good",5,1,"Look ","no",6,7,8,6,7,8,2,3,4,4,3,2,3,4,2,3,4,3,4,3,2,3,4,3,0,2,3,4,3,2,3,4,3,3,4,2,4,3,2,4,3,4,2,3,4,3,4,2,3,4,4,467101
"256","ptZeiguy48WjP56",29,"female","1",1,"deck6","deck1","P-NP",82,5289.000000339,16,"parity",8,69,18.0000001564622,"good",5,1,"Look ","no",6,7,8,6,7,8,2,3,4,4,3,2,3,4,2,3,4,3,4,3,2,3,4,3,0,2,3,4,3,2,3,4,3,3,4,2,4,3,2,4,3,4,2,3,4,3,4,2,3,4,4,467620
"257","ptZeiguy48WjP56",29,"female","1",1,"deck6","deck1","P-NP",82,5289.000000339,17,"parity",6,69,30.0000002607703,"good",5,1,"Look ","no",6,7,8,6,7,8,2,3,4,4,3,2,3,4,2,3,4,3,4,3,2,3,4,3,0,2,3,4,3,2,3,4,3,3,4,2,4,3,2,4,3,4,2,3,4,3,4,2,3,4,4,468152
"258","ptZeiguy48WjP56",29,"female","1",1,"deck6","deck1","P-NP",82,5289.000000339,18,"parity",4,73,21.0000001825392,"good",5,1,"Look ","no",6,7,8,6,7,8,2,3,4,4,3,2,3,4,2,3,4,3,4,3,2,3,4,3,0,2,3,4,3,2,3,4,3,3,4,2,4,3,2,4,3,4,2,3,4,3,4,2,3,4,4,468674
"259","ptZeiguy48WjP56",29,"female","1",2,"deck3","deck1","NP-NP",82,3010.9999999404,1,"magnitude",2,73,216.000000014901,"good",5,1,"Look ","no",6,7,8,6,7,8,2,3,4,4,3,2,3,4,2,3,4,3,4,3,2,3,4,3,0,2,3,4,3,2,3,4,3,3,4,2,4,3,2,4,3,4,2,3,4,3,4,2,3,4,4,473408
"260","ptZeiguy48WjP56",29,"female","1",2,"deck3","deck1","NP-NP",82,3010.9999999404,2,"parity",6,69,94.9999997392297,"good",5,1,"Look ","no",6,7,8,6,7,8,2,3,4,4,3,2,3,4,2,3,4,3,4,3,2,3,4,3,0,2,3,4,3,2,3,4,3,3,4,2,4,3,2,4,3,4,2,3,4,3,4,2,3,4,4,474005
"261","ptZeiguy48WjP56",29,"female","1",2,"deck3","deck1","NP-NP",82,3010.9999999404,3,"parity",6,73,55.9999998658895,"good",5,1,"Look ","no",6,7,8,6,7,8,2,3,4,4,3,2,3,4,2,3,4,3,4,3,2,3,4,3,0,2,3,4,3,2,3,4,3,3,4,2,4,3,2,4,3,4,2,3,4,3,4,2,3,4,4,474562
"262","ptZeiguy48WjP56",29,"female","1",2,"deck3","deck1","NP-NP",82,3010.9999999404,4,"parity",9,69,6.00000005215406,"good",5,1,"Look ","no",6,7,8,6,7,8,2,3,4,4,3,2,3,4,2,3,4,3,4,3,2,3,4,3,0,2,3,4,3,2,3,4,3,3,4,2,4,3,2,4,3,4,2,3,4,3,4,2,3,4,4,475069
"263","ptZeiguy48WjP56",29,"female","1",2,"deck3","deck1","NP-NP",82,3010.9999999404,5,"parity",1,69,24.9999999068677,"good",5,1,"Look ","no",6,7,8,6,7,8,2,3,4,4,3,2,3,4,2,3,4,3,4,3,2,3,4,3,0,2,3,4,3,2,3,4,3,3,4,2,4,3,2,4,3,4,2,3,4,3,4,2,3,4,4,475596
"264","ptZeiguy48WjP56",29,"female","1",2,"deck3","deck1","NP-NP",82,3010.9999999404,6,"parity",4,73,5.00000035390258,"good",5,1,"Look ","no",6,7,8,6,7,8,2,3,4,4,3,2,3,4,2,3,4,3,4,3,2,3,4,3,0,2,3,4,3,2,3,4,3,3,4,2,4,3,2,4,3,4,2,3,4,3,4,2,3,4,4,476104
"265","ptZeiguy48WjP56",29,"female","1",2,"deck3","deck1","NP-NP",82,3010.9999999404,7,"parity",1,69,25.9999996051192,"good",5,1,"Look ","no",6,7,8,6,7,8,2,3,4,4,3,2,3,4,2,3,4,3,4,3,2,3,4,3,0,2,3,4,3,2,3,4,3,3,4,2,4,3,2,4,3,4,2,3,4,3,4,2,3,4,4,476630
"266","ptZeiguy48WjP56",29,"female","1",2,"deck3","deck1","NP-NP",82,3010.9999999404,8,"parity",2,73,12.0000001043081,"good",5,1,"Look ","no",6,7,8,6,7,8,2,3,4,4,3,2,3,4,2,3,4,3,4,3,2,3,4,3,0,2,3,4,3,2,3,4,3,3,4,2,4,3,2,4,3,4,2,3,4,3,4,2,3,4,4,477145
"267","ptZeiguy48WjP56",29,"female","1",2,"deck3","deck1","NP-NP",82,3010.9999999404,9,"parity",6,69,37.0000000111759,"good",5,1,"Look ","no",6,7,8,6,7,8,2,3,4,4,3,2,3,4,2,3,4,3,4,3,2,3,4,3,0,2,3,4,3,2,3,4,3,3,4,2,4,3,2,4,3,4,2,3,4,3,4,2,3,4,4,477687
"268","ptZeiguy48WjP56",29,"female","1",2,"deck3","deck1","NP-NP",82,3010.9999999404,10,"parity",8,73,24.9999999068677,"good",5,1,"Look ","no",6,7,8,6,7,8,2,3,4,4,3,2,3,4,2,3,4,3,4,3,2,3,4,3,0,2,3,4,3,2,3,4,3,3,4,2,4,3,2,4,3,4,2,3,4,3,4,2,3,4,4,478213
"269","ptZeiguy48WjP56",29,"female","1",2,"deck3","deck1","NP-NP",82,3010.9999999404,11,"parity",6,69,91.9999997131526,"good",5,1,"Look ","no",6,7,8,6,7,8,2,3,4,4,3,2,3,4,2,3,4,3,4,3,2,3,4,3,0,2,3,4,3,2,3,4,3,3,4,2,4,3,2,4,3,4,2,3,4,3,4,2,3,4,4,478808
"270","ptZeiguy48WjP56",29,"female","1",2,"deck3","deck1","NP-NP",82,3010.9999999404,12,"parity",3,69,103.999999817461,"good",5,1,"Look ","no",6,7,8,6,7,8,2,3,4,4,3,2,3,4,2,3,4,3,4,3,2,3,4,3,0,2,3,4,3,2,3,4,3,3,4,2,4,3,2,4,3,4,2,3,4,3,4,2,3,4,4,479415
"271","ptZeiguy48WjP56",29,"female","1",2,"deck3","deck1","NP-NP",82,3010.9999999404,13,"magnitude",9,73,40.0000000372529,"good",5,1,"Look ","no",6,7,8,6,7,8,2,3,4,4,3,2,3,4,2,3,4,3,4,3,2,3,4,3,0,2,3,4,3,2,3,4,3,3,4,2,4,3,2,4,3,4,2,3,4,3,4,2,3,4,4,479958
"272","ptZeiguy48WjP56",29,"female","1",2,"deck3","deck1","NP-NP",82,3010.9999999404,14,"magnitude",7,69,115.000000223517,"good",5,1,"Look ","no",6,7,8,6,7,8,2,3,4,4,3,2,3,4,2,3,4,3,4,3,2,3,4,3,0,2,3,4,3,2,3,4,3,3,4,2,4,3,2,4,3,4,2,3,4,3,4,2,3,4,4,480574
"273","ptZeiguy48WjP56",29,"female","1",2,"deck3","deck1","NP-NP",82,3010.9999999404,15,"magnitude",6,73,41.0000002011657,"good",5,1,"Look ","no",6,7,8,6,7,8,2,3,4,4,3,2,3,4,2,3,4,3,4,3,2,3,4,3,0,2,3,4,3,2,3,4,3,3,4,2,4,3,2,4,3,4,2,3,4,3,4,2,3,4,4,481117
"274","ptZeiguy48WjP56",29,"female","1",2,"deck3","deck1","NP-NP",82,3010.9999999404,16,"magnitude",7,69,134.000000078231,"good",5,1,"Look ","no",6,7,8,6,7,8,2,3,4,4,3,2,3,4,2,3,4,3,4,3,2,3,4,3,0,2,3,4,3,2,3,4,3,3,4,2,4,3,2,4,3,4,2,3,4,3,4,2,3,4,4,481755
"275","ptZeiguy48WjP56",29,"female","1",3,"deck1","deck5","P-NP",82,8709.99999996275,1,"magnitude",7,73,100.999999791384,"good",5,1,"Look ","no",6,7,8,6,7,8,2,3,4,4,3,2,3,4,2,3,4,3,4,3,2,3,4,3,0,2,3,4,3,2,3,4,3,3,4,2,4,3,2,4,3,4,2,3,4,3,4,2,3,4,4,492145
"276","ptZeiguy48WjP56",29,"female","1",3,"deck1","deck5","P-NP",82,8709.99999996275,2,"magnitude",7,73,194.00000013411,"good",5,1,"Look ","no",6,7,8,6,7,8,2,3,4,4,3,2,3,4,2,3,4,3,4,3,2,3,4,3,0,2,3,4,3,2,3,4,3,3,4,2,4,3,2,4,3,4,2,3,4,3,4,2,3,4,4,492841
"277","ptZeiguy48WjP56",29,"female","1",3,"deck1","deck5","P-NP",82,8709.99999996275,3,"parity",3,73,226.000000257045,"good",5,1,"Look ","no",6,7,8,6,7,8,2,3,4,4,3,2,3,4,2,3,4,3,4,3,2,3,4,3,0,2,3,4,3,2,3,4,3,3,4,2,4,3,2,4,3,4,2,3,4,3,4,2,3,4,4,493570
"278","ptZeiguy48WjP56",29,"female","1",3,"deck1","deck5","P-NP",82,8709.99999996275,4,"magnitude",2,73,174.999999813735,"good",5,1,"Look ","no",6,7,8,6,7,8,2,3,4,4,3,2,3,4,2,3,4,3,4,3,2,3,4,3,0,2,3,4,3,2,3,4,3,3,4,2,4,3,2,4,3,4,2,3,4,3,4,2,3,4,4,494248
"279","ptZeiguy48WjP56",29,"female","1",3,"deck1","deck5","P-NP",82,8709.99999996275,5,"magnitude",6,73,202.000000048429,"good",5,1,"Look ","no",6,7,8,6,7,8,2,3,4,4,3,2,3,4,2,3,4,3,4,3,2,3,4,3,0,2,3,4,3,2,3,4,3,3,4,2,4,3,2,4,3,4,2,3,4,3,4,2,3,4,4,494953
"280","ptZeiguy48WjP56",29,"female","1",3,"deck1","deck5","P-NP",82,8709.99999996275,6,"magnitude",8,73,697.999999858439,"good",5,1,"Look ","no",6,7,8,6,7,8,2,3,4,4,3,2,3,4,2,3,4,3,4,3,2,3,4,3,0,2,3,4,3,2,3,4,3,3,4,2,4,3,2,4,3,4,2,3,4,3,4,2,3,4,4,496155
"281","ptZeiguy48WjP56",29,"female","1",3,"deck1","deck5","P-NP",82,8709.99999996275,7,"parity",4,69,84.0000002644956,"good",5,1,"Look ","no",6,7,8,6,7,8,2,3,4,4,3,2,3,4,2,3,4,3,4,3,2,3,4,3,0,2,3,4,3,2,3,4,3,3,4,2,4,3,2,4,3,4,2,3,4,3,4,2,3,4,4,496743
"282","ptZeiguy48WjP56",29,"female","1",3,"deck1","deck5","P-NP",82,8709.99999996275,8,"magnitude",4,73,33.9999999850988,"good",5,1,"Look ","no",6,7,8,6,7,8,2,3,4,4,3,2,3,4,2,3,4,3,4,3,2,3,4,3,0,2,3,4,3,2,3,4,3,3,4,2,4,3,2,4,3,4,2,3,4,3,4,2,3,4,4,497280
"283","ptZeiguy48WjP56",29,"female","1",4,"deck1","deck5","P-NP",82,1382.99999991432,1,"parity",1,73,192.999999970198,"good",5,1,"Look ","no",6,7,8,6,7,8,2,3,4,4,3,2,3,4,2,3,4,3,4,3,2,3,4,3,0,2,3,4,3,2,3,4,3,3,4,2,4,3,2,4,3,4,2,3,4,3,4,2,3,4,4,500364
"284","ptZeiguy48WjP56",29,"female","1",4,"deck1","deck5","P-NP",82,1382.99999991432,2,"magnitude",1,69,54.0000000037253,"good",5,1,"Look ","no",6,7,8,6,7,8,2,3,4,4,3,2,3,4,2,3,4,3,4,3,2,3,4,3,0,2,3,4,3,2,3,4,3,3,4,2,4,3,2,4,3,4,2,3,4,3,4,2,3,4,4,500924
"285","ptZeiguy48WjP56",29,"female","1",4,"deck1","deck5","P-NP",82,1382.99999991432,3,"magnitude",4,69,40.0000000372529,"good",5,1,"Look ","no",6,7,8,6,7,8,2,3,4,4,3,2,3,4,2,3,4,3,4,3,2,3,4,3,0,2,3,4,3,2,3,4,3,3,4,2,4,3,2,4,3,4,2,3,4,3,4,2,3,4,4,501474
"286","ptZeiguy48WjP56",29,"female","1",4,"deck1","deck5","P-NP",82,1382.99999991432,4,"magnitude",3,73,38.0000001750886,"good",5,1,"Look ","no",6,7,8,6,7,8,2,3,4,4,3,2,3,4,2,3,4,3,4,3,2,3,4,3,0,2,3,4,3,2,3,4,3,3,4,2,4,3,2,4,3,4,2,3,4,3,4,2,3,4,4,502013
"287","ptZeiguy48WjP56",29,"female","1",4,"deck1","deck5","P-NP",82,1382.99999991432,5,"parity",9,69,63.9999997802079,"good",5,1,"Look ","no",6,7,8,6,7,8,2,3,4,4,3,2,3,4,2,3,4,3,4,3,2,3,4,3,0,2,3,4,3,2,3,4,3,3,4,2,4,3,2,4,3,4,2,3,4,3,4,2,3,4,4,502577
"288","ptZeiguy48WjP56",29,"female","1",4,"deck1","deck5","P-NP",82,1382.99999991432,6,"magnitude",9,69,0.999999698251486,"good",5,1,"Look ","no",6,7,8,6,7,8,2,3,4,4,3,2,3,4,2,3,4,3,4,3,2,3,4,3,0,2,3,4,3,2,3,4,3,3,4,2,4,3,2,4,3,4,2,3,4,3,4,2,3,4,4,503079
"289","ptZeiguy48WjP56",29,"female","1",4,"deck1","deck5","P-NP",82,1382.99999991432,7,"parity",6,73,89.0000001527369,"good",5,1,"Look ","no",6,7,8,6,7,8,2,3,4,4,3,2,3,4,2,3,4,3,4,3,2,3,4,3,0,2,3,4,3,2,3,4,3,3,4,2,4,3,2,4,3,4,2,3,4,3,4,2,3,4,4,503669
"290","ptZeiguy48WjP56",29,"female","1",4,"deck1","deck5","P-NP",82,1382.99999991432,8,"parity",3,69,13.9999999664724,"good",5,1,"Look ","no",6,7,8,6,7,8,2,3,4,4,3,2,3,4,2,3,4,3,4,3,2,3,4,3,0,2,3,4,3,2,3,4,3,3,4,2,4,3,2,4,3,4,2,3,4,3,4,2,3,4,4,504186
"291","ptZeiguy48WjP56",29,"female","1",4,"deck1","deck5","P-NP",82,1382.99999991432,9,"parity",8,69,47.0000002533197,"good",5,1,"Look ","no",6,7,8,6,7,8,2,3,4,4,3,2,3,4,2,3,4,3,4,3,2,3,4,3,0,2,3,4,3,2,3,4,3,3,4,2,4,3,2,4,3,4,2,3,4,3,4,2,3,4,4,504736
"292","ptZeiguy48WjP56",29,"female","1",4,"deck1","deck5","P-NP",82,1382.99999991432,10,"magnitude",6,73,13.0000002682209,"good",5,1,"Look ","no",6,7,8,6,7,8,2,3,4,4,3,2,3,4,2,3,4,3,4,3,2,3,4,3,0,2,3,4,3,2,3,4,3,3,4,2,4,3,2,4,3,4,2,3,4,3,4,2,3,4,4,505252
"293","ptZeiguy48WjP56",29,"female","1",5,"deck1","deck3","NP-NP",82,1203.99999991059,1,"parity",4,73,202.99999974668,"good",5,1,"Look ","no",6,7,8,6,7,8,2,3,4,4,3,2,3,4,2,3,4,3,4,3,2,3,4,3,0,2,3,4,3,2,3,4,3,3,4,2,4,3,2,4,3,4,2,3,4,3,4,2,3,4,4,508171
"294","ptZeiguy48WjP56",29,"female","1",5,"deck1","deck3","NP-NP",82,1203.99999991059,2,"magnitude",6,69,27.9999999329448,"good",5,1,"Look ","no",6,7,8,6,7,8,2,3,4,4,3,2,3,4,2,3,4,3,4,3,2,3,4,3,0,2,3,4,3,2,3,4,3,3,4,2,4,3,2,4,3,4,2,3,4,3,4,2,3,4,4,508702
"295","ptZeiguy48WjP56",29,"female","1",5,"deck1","deck3","NP-NP",82,1203.99999991059,3,"parity",7,69,21.9999998807907,"good",5,1,"Look ","no",6,7,8,6,7,8,2,3,4,4,3,2,3,4,2,3,4,3,4,3,2,3,4,3,0,2,3,4,3,2,3,4,3,3,4,2,4,3,2,4,3,4,2,3,4,3,4,2,3,4,4,509232
"296","ptZeiguy48WjP56",29,"female","1",5,"deck1","deck3","NP-NP",82,1203.99999991059,4,"magnitude",8,73,10.9999999403954,"good",5,1,"Look ","no",6,7,8,6,7,8,2,3,4,4,3,2,3,4,2,3,4,3,4,3,2,3,4,3,0,2,3,4,3,2,3,4,3,3,4,2,4,3,2,4,3,4,2,3,4,3,4,2,3,4,4,509745
"297","ptZeiguy48WjP56",29,"female","1",5,"deck1","deck3","NP-NP",82,1203.99999991059,5,"parity",7,73,180.000000167638,"good",5,1,"Look ","no",6,7,8,6,7,8,2,3,4,4,3,2,3,4,2,3,4,3,4,3,2,3,4,3,0,2,3,4,3,2,3,4,3,3,4,2,4,3,2,4,3,4,2,3,4,3,4,2,3,4,4,510426
"298","ptZeiguy48WjP56",29,"female","1",5,"deck1","deck3","NP-NP",82,1203.99999991059,6,"magnitude",8,69,49.000000115484,"good",5,1,"Look ","no",6,7,8,6,7,8,2,3,4,4,3,2,3,4,2,3,4,3,4,3,2,3,4,3,0,2,3,4,3,2,3,4,3,3,4,2,4,3,2,4,3,4,2,3,4,3,4,2,3,4,4,510976
"299","ptZeiguy48WjP56",29,"female","1",5,"deck1","deck3","NP-NP",82,1203.99999991059,7,"parity",9,69,65.9999996423721,"good",5,1,"Look ","no",6,7,8,6,7,8,2,3,4,4,3,2,3,4,2,3,4,3,4,3,2,3,4,3,0,2,3,4,3,2,3,4,3,3,4,2,4,3,2,4,3,4,2,3,4,3,4,2,3,4,4,511545
"300","ptZeiguy48WjP56",29,"female","1",5,"deck1","deck3","NP-NP",82,1203.99999991059,8,"magnitude",7,69,96.9999996013939,"good",5,1,"Look ","no",6,7,8,6,7,8,2,3,4,4,3,2,3,4,2,3,4,3,4,3,2,3,4,3,0,2,3,4,3,2,3,4,3,3,4,2,4,3,2,4,3,4,2,3,4,3,4,2,3,4,4,512153
"301","ptZeiguy48WjP56",29,"female","1",5,"deck1","deck3","NP-NP",82,1203.99999991059,9,"magnitude",9,73,26.999999769032,"good",5,1,"Look ","no",6,7,8,6,7,8,2,3,4,4,3,2,3,4,2,3,4,3,4,3,2,3,4,3,0,2,3,4,3,2,3,4,3,3,4,2,4,3,2,4,3,4,2,3,4,3,4,2,3,4,4,512682
"302","ptZeiguy48WjP56",29,"female","1",5,"deck1","deck3","NP-NP",82,1203.99999991059,10,"parity",8,69,12.9999998025596,"good",5,1,"Look ","no",6,7,8,6,7,8,2,3,4,4,3,2,3,4,2,3,4,3,4,3,2,3,4,3,0,2,3,4,3,2,3,4,3,3,4,2,4,3,2,4,3,4,2,3,4,3,4,2,3,4,4,513197
"303","ptZeiguy48WjP56",29,"female","1",5,"deck1","deck3","NP-NP",82,1203.99999991059,11,"magnitude",6,69,54.9999997019768,"good",5,1,"Look ","no",6,7,8,6,7,8,2,3,4,4,3,2,3,4,2,3,4,3,4,3,2,3,4,3,0,2,3,4,3,2,3,4,3,3,4,2,4,3,2,4,3,4,2,3,4,3,4,2,3,4,4,513753
"304","ptZeiguy48WjP56",29,"female","1",5,"deck1","deck3","NP-NP",82,1203.99999991059,12,"parity",6,73,50.0000002793968,"good",5,1,"Look ","no",6,7,8,6,7,8,2,3,4,4,3,2,3,4,2,3,4,3,4,3,2,3,4,3,0,2,3,4,3,2,3,4,3,3,4,2,4,3,2,4,3,4,2,3,4,3,4,2,3,4,4,514305
"305","ptZeiguy48WjP56",29,"female","1",5,"deck1","deck3","NP-NP",82,1203.99999991059,13,"magnitude",1,69,154.000000096858,"good",5,1,"Look ","no",6,7,8,6,7,8,2,3,4,4,3,2,3,4,2,3,4,3,4,3,2,3,4,3,0,2,3,4,3,2,3,4,3,3,4,2,4,3,2,4,3,4,2,3,4,3,4,2,3,4,4,514963
"306","ptZeiguy48WjP56",29,"female","1",5,"deck1","deck3","NP-NP",82,1203.99999991059,14,"parity",3,73,12.9999998025596,"good",5,1,"Look ","no",6,7,8,6,7,8,2,3,4,4,3,2,3,4,2,3,4,3,4,3,2,3,4,3,0,2,3,4,3,2,3,4,3,3,4,2,4,3,2,4,3,4,2,3,4,3,4,2,3,4,4,515497
"307","ptZeiguy48WjP56",29,"female","1",5,"deck1","deck3","NP-NP",82,1203.99999991059,15,"magnitude",9,69,152.000000234693,"good",5,1,"Look ","no",6,7,8,6,7,8,2,3,4,4,3,2,3,4,2,3,4,3,4,3,2,3,4,3,0,2,3,4,3,2,3,4,3,3,4,2,4,3,2,4,3,4,2,3,4,3,4,2,3,4,4,516150
"308","ptZeiguy48WjP56",29,"female","1",6,"deck6","deck5","P-P",82,1677.00000014156,1,"magnitude",3,73,117.999999783933,"good",5,1,"Look ","no",6,7,8,6,7,8,2,3,4,4,3,2,3,4,2,3,4,3,4,3,2,3,4,3,0,2,3,4,3,2,3,4,3,3,4,2,4,3,2,4,3,4,2,3,4,3,4,2,3,4,4,519459
"309","ptZeiguy48WjP56",29,"female","1",6,"deck6","deck5","P-P",82,1677.00000014156,2,"magnitude",4,73,33.9999999850988,"good",5,1,"Look ","no",6,7,8,6,7,8,2,3,4,4,3,2,3,4,2,3,4,3,4,3,2,3,4,3,0,2,3,4,3,2,3,4,3,3,4,2,4,3,2,4,3,4,2,3,4,3,4,2,3,4,4,519994
"310","ptZeiguy48WjP56",29,"female","1",6,"deck6","deck5","P-P",82,1677.00000014156,3,"parity",2,73,13.9999999664724,"good",5,1,"Look ","no",6,7,8,6,7,8,2,3,4,4,3,2,3,4,2,3,4,3,4,3,2,3,4,3,0,2,3,4,3,2,3,4,3,3,4,2,4,3,2,4,3,4,2,3,4,3,4,2,3,4,4,520534
"311","ptZeiguy48WjP56",29,"female","1",6,"deck6","deck5","P-P",82,1677.00000014156,4,"parity",1,69,28.9999996311963,"good",5,1,"Look ","no",6,7,8,6,7,8,2,3,4,4,3,2,3,4,2,3,4,3,4,3,2,3,4,3,0,2,3,4,3,2,3,4,3,3,4,2,4,3,2,4,3,4,2,3,4,3,4,2,3,4,4,521066
"312","ptZeiguy48WjP56",29,"female","1",6,"deck6","deck5","P-P",82,1677.00000014156,5,"magnitude",1,73,83.9999997988343,"good",5,1,"Look ","no",6,7,8,6,7,8,2,3,4,4,3,2,3,4,2,3,4,3,4,3,2,3,4,3,0,2,3,4,3,2,3,4,3,3,4,2,4,3,2,4,3,4,2,3,4,3,4,2,3,4,4,521656
"313","ptZeiguy48WjP56",29,"female","1",6,"deck6","deck5","P-P",82,1677.00000014156,6,"magnitude",6,69,66.0000001080334,"good",5,1,"Look ","no",6,7,8,6,7,8,2,3,4,4,3,2,3,4,2,3,4,3,4,3,2,3,4,3,0,2,3,4,3,2,3,4,3,3,4,2,4,3,2,4,3,4,2,3,4,3,4,2,3,4,4,522226
"314","ptZeiguy48WjP56",29,"female","1",6,"deck6","deck5","P-P",82,1677.00000014156,7,"parity",3,73,78.999999910593,"good",5,1,"Look ","no",6,7,8,6,7,8,2,3,4,4,3,2,3,4,2,3,4,3,4,3,2,3,4,3,0,2,3,4,3,2,3,4,3,3,4,2,4,3,2,4,3,4,2,3,4,3,4,2,3,4,4,522807
"315","ptZeiguy48WjP56",29,"female","1",6,"deck6","deck5","P-P",82,1677.00000014156,8,"magnitude",2,69,114.999999757856,"good",5,1,"Look ","no",6,7,8,6,7,8,2,3,4,4,3,2,3,4,2,3,4,3,4,3,2,3,4,3,0,2,3,4,3,2,3,4,3,3,4,2,4,3,2,4,3,4,2,3,4,3,4,2,3,4,4,523425
"316","ptZeiguy48WjP56",29,"female","1",7,"deck2","deck1","NP-NP",82,737.999999895692,1,"parity",9,73,45.0000003911555,"good",5,1,"Look ","no",6,7,8,6,7,8,2,3,4,4,3,2,3,4,2,3,4,3,4,3,2,3,4,3,0,2,3,4,3,2,3,4,3,3,4,2,4,3,2,4,3,4,2,3,4,3,4,2,3,4,4,525715
"317","ptZeiguy48WjP56",29,"female","1",7,"deck2","deck1","NP-NP",82,737.999999895692,2,"parity",4,69,99.0000003948808,"good",5,1,"Look ","no",6,7,8,6,7,8,2,3,4,4,3,2,3,4,2,3,4,3,4,3,2,3,4,3,0,2,3,4,3,2,3,4,3,3,4,2,4,3,2,4,3,4,2,3,4,3,4,2,3,4,4,526317
"318","ptZeiguy48WjP56",29,"female","1",7,"deck2","deck1","NP-NP",82,737.999999895692,3,"parity",2,73,115.999999921769,"good",5,1,"Look ","no",6,7,8,6,7,8,2,3,4,4,3,2,3,4,2,3,4,3,4,3,2,3,4,3,0,2,3,4,3,2,3,4,3,3,4,2,4,3,2,4,3,4,2,3,4,3,4,2,3,4,4,526940
"319","ptZeiguy48WjP56",29,"female","1",7,"deck2","deck1","NP-NP",82,737.999999895692,4,"parity",8,69,117.000000085682,"good",5,1,"Look ","no",6,7,8,6,7,8,2,3,4,4,3,2,3,4,2,3,4,3,4,3,2,3,4,3,0,2,3,4,3,2,3,4,3,3,4,2,4,3,2,4,3,4,2,3,4,3,4,2,3,4,4,527560
"320","ptZeiguy48WjP56",29,"female","1",7,"deck2","deck1","NP-NP",82,737.999999895692,5,"parity",9,73,127.000000327826,"good",5,1,"Look ","no",6,7,8,6,7,8,2,3,4,4,3,2,3,4,2,3,4,3,4,3,2,3,4,3,0,2,3,4,3,2,3,4,3,3,4,2,4,3,2,4,3,4,2,3,4,3,4,2,3,4,4,528189
"321","ptZeiguy48WjP56",29,"female","1",7,"deck2","deck1","NP-NP",82,737.999999895692,6,"magnitude",1,69,106.999999843538,"good",5,1,"Look ","no",6,7,8,6,7,8,2,3,4,4,3,2,3,4,2,3,4,3,4,3,2,3,4,3,0,2,3,4,3,2,3,4,3,3,4,2,4,3,2,4,3,4,2,3,4,3,4,2,3,4,4,528798
"322","ptZeiguy48WjP56",29,"female","1",7,"deck2","deck1","NP-NP",82,737.999999895692,7,"magnitude",8,73,32.9999998211861,"good",5,1,"Look ","no",6,7,8,6,7,8,2,3,4,4,3,2,3,4,2,3,4,3,4,3,2,3,4,3,0,2,3,4,3,2,3,4,3,3,4,2,4,3,2,4,3,4,2,3,4,3,4,2,3,4,4,529333
"323","ptZeiguy48WjP56",29,"female","1",7,"deck2","deck1","NP-NP",82,737.999999895692,8,"magnitude",9,69,68.9999996684492,"good",5,1,"Look ","no",6,7,8,6,7,8,2,3,4,4,3,2,3,4,2,3,4,3,4,3,2,3,4,3,0,2,3,4,3,2,3,4,3,3,4,2,4,3,2,4,3,4,2,3,4,3,4,2,3,4,4,529903
"324","ptZeiguy48WjP56",29,"female","1",7,"deck2","deck1","NP-NP",82,737.999999895692,9,"magnitude",6,73,110.000000335276,"good",5,1,"Look ","no",6,7,8,6,7,8,2,3,4,4,3,2,3,4,2,3,4,3,4,3,2,3,4,3,0,2,3,4,3,2,3,4,3,3,4,2,4,3,2,4,3,4,2,3,4,3,4,2,3,4,4,530513
"325","ptZeiguy48WjP56",29,"female","1",7,"deck2","deck1","NP-NP",82,737.999999895692,10,"magnitude",3,73,20.0000000186265,"good",5,1,"Look ","no",6,7,8,6,7,8,2,3,4,4,3,2,3,4,2,3,4,3,4,3,2,3,4,3,0,2,3,4,3,2,3,4,3,3,4,2,4,3,2,4,3,4,2,3,4,3,4,2,3,4,4,531036
"326","ptZeiguy48WjP56",29,"female","1",7,"deck2","deck1","NP-NP",82,737.999999895692,11,"magnitude",7,73,6.99999975040555,"good",5,1,"Look ","no",6,7,8,6,7,8,2,3,4,4,3,2,3,4,2,3,4,3,4,3,2,3,4,3,0,2,3,4,3,2,3,4,3,3,4,2,4,3,2,4,3,4,2,3,4,3,4,2,3,4,4,531545
"327","ptZeiguy48WjP56",29,"female","1",7,"deck2","deck1","NP-NP",82,737.999999895692,12,"magnitude",8,NA,NA,"good",5,1,"Look ","no",6,7,8,6,7,8,2,3,4,4,3,2,3,4,2,3,4,3,4,3,2,3,4,3,0,2,3,4,3,2,3,4,3,3,4,2,4,3,2,4,3,4,2,3,4,3,4,2,3,4,4,534548
"328","ptZeiguy48WjP56",29,"female","1",7,"deck2","deck1","NP-NP",82,737.999999895692,13,"magnitude",1,NA,NA,"good",5,1,"Look ","no",6,7,8,6,7,8,2,3,4,4,3,2,3,4,2,3,4,3,4,3,2,3,4,3,0,2,3,4,3,2,3,4,3,3,4,2,4,3,2,4,3,4,2,3,4,3,4,2,3,4,4,537551
"329","ptZeiguy48WjP56",29,"female","1",7,"deck2","deck1","NP-NP",82,737.999999895692,14,"parity",1,73,38.9999998733401,"good",5,1,"Look ","no",6,7,8,6,7,8,2,3,4,4,3,2,3,4,2,3,4,3,4,3,2,3,4,3,0,2,3,4,3,2,3,4,3,3,4,2,4,3,2,4,3,4,2,3,4,3,4,2,3,4,4,538094
"330","ptZeiguy48WjP56",29,"female","1",7,"deck2","deck1","NP-NP",82,737.999999895692,15,"parity",6,73,123.000000137836,"good",5,1,"Look ","no",6,7,8,6,7,8,2,3,4,4,3,2,3,4,2,3,4,3,4,3,2,3,4,3,0,2,3,4,3,2,3,4,3,3,4,2,4,3,2,4,3,4,2,3,4,3,4,2,3,4,4,538721
"331","ptZeiguy48WjP56",29,"female","1",7,"deck2","deck1","NP-NP",82,737.999999895692,16,"parity",1,69,89.0000001527369,"good",5,1,"Look ","no",6,7,8,6,7,8,2,3,4,4,3,2,3,4,2,3,4,3,4,3,2,3,4,3,0,2,3,4,3,2,3,4,3,3,4,2,4,3,2,4,3,4,2,3,4,3,4,2,3,4,4,539313
"332","ptZeiguy48WjP56",29,"female","1",7,"deck2","deck1","NP-NP",82,737.999999895692,17,"parity",1,73,59.0000003576279,"good",5,1,"Look ","no",6,7,8,6,7,8,2,3,4,4,3,2,3,4,2,3,4,3,4,3,2,3,4,3,0,2,3,4,3,2,3,4,3,3,4,2,4,3,2,4,3,4,2,3,4,3,4,2,3,4,4,539879
"333","ptZeiguy48WjP56",29,"female","1",7,"deck2","deck1","NP-NP",82,737.999999895692,18,"parity",1,69,115.000000223517,"good",5,1,"Look ","no",6,7,8,6,7,8,2,3,4,4,3,2,3,4,2,3,4,3,4,3,2,3,4,3,0,2,3,4,3,2,3,4,3,3,4,2,4,3,2,4,3,4,2,3,4,3,4,2,3,4,4,540496
"334","ptZeiguy48WjP56",29,"female","1",8,"deck5","deck4","P-P",82,1404.99999979511,1,"parity",7,73,64.9999999441206,"good",5,1,"Look ","no",6,7,8,6,7,8,2,3,4,4,3,2,3,4,2,3,4,3,4,3,2,3,4,3,0,2,3,4,3,2,3,4,3,3,4,2,4,3,2,4,3,4,2,3,4,3,4,2,3,4,4,543480
"335","ptZeiguy48WjP56",29,"female","1",8,"deck5","deck4","P-P",82,1404.99999979511,2,"parity",3,73,34.9999996833503,"good",5,1,"Look ","no",6,7,8,6,7,8,2,3,4,4,3,2,3,4,2,3,4,3,4,3,2,3,4,3,0,2,3,4,3,2,3,4,3,3,4,2,4,3,2,4,3,4,2,3,4,3,4,2,3,4,4,544017
"336","ptZeiguy48WjP56",29,"female","1",8,"deck5","deck4","P-P",82,1404.99999979511,3,"parity",2,69,118.000000249594,"good",5,1,"Look ","no",6,7,8,6,7,8,2,3,4,4,3,2,3,4,2,3,4,3,4,3,2,3,4,3,0,2,3,4,3,2,3,4,3,3,4,2,4,3,2,4,3,4,2,3,4,3,4,2,3,4,4,544641
"337","ptZeiguy48WjP56",29,"female","1",8,"deck5","deck4","P-P",82,1404.99999979511,4,"parity",2,73,18.0000001564622,"good",5,1,"Look ","no",6,7,8,6,7,8,2,3,4,4,3,2,3,4,2,3,4,3,4,3,2,3,4,3,0,2,3,4,3,2,3,4,3,3,4,2,4,3,2,4,3,4,2,3,4,3,4,2,3,4,4,545165
"338","ptZeiguy48WjP56",29,"female","1",8,"deck5","deck4","P-P",82,1404.99999979511,5,"magnitude",8,69,103.999999817461,"good",5,1,"Look ","no",6,7,8,6,7,8,2,3,4,4,3,2,3,4,2,3,4,3,4,3,2,3,4,3,0,2,3,4,3,2,3,4,3,3,4,2,4,3,2,4,3,4,2,3,4,3,4,2,3,4,4,545772
"339","ptZeiguy48WjP56",29,"female","1",8,"deck5","deck4","P-P",82,1404.99999979511,6,"magnitude",1,69,117.999999783933,"good",5,1,"Look ","no",6,7,8,6,7,8,2,3,4,4,3,2,3,4,2,3,4,3,4,3,2,3,4,3,0,2,3,4,3,2,3,4,3,3,4,2,4,3,2,4,3,4,2,3,4,3,4,2,3,4,4,546395
"340","ptZeiguy48WjP56",29,"female","1",8,"deck5","deck4","P-P",82,1404.99999979511,7,"magnitude",8,69,131.000000052154,"good",5,1,"Look ","no",6,7,8,6,7,8,2,3,4,4,3,2,3,4,2,3,4,3,4,3,2,3,4,3,0,2,3,4,3,2,3,4,3,3,4,2,4,3,2,4,3,4,2,3,4,3,4,2,3,4,4,547028
"341","ptZeiguy48WjP56",29,"female","1",8,"deck5","deck4","P-P",82,1404.99999979511,8,"magnitude",6,69,137.99999980256,"good",5,1,"Look ","no",6,7,8,6,7,8,2,3,4,4,3,2,3,4,2,3,4,3,4,3,2,3,4,3,0,2,3,4,3,2,3,4,3,3,4,2,4,3,2,4,3,4,2,3,4,3,4,2,3,4,4,547668
"342","ptZeiguy48WjP56",29,"female","1",8,"deck5","deck4","P-P",82,1404.99999979511,9,"magnitude",4,73,20.0000000186265,"good",5,1,"Look ","no",6,7,8,6,7,8,2,3,4,4,3,2,3,4,2,3,4,3,4,3,2,3,4,3,0,2,3,4,3,2,3,4,3,3,4,2,4,3,2,4,3,4,2,3,4,3,4,2,3,4,4,548193
"343","ptZeiguy48WjP56",29,"female","1",8,"deck5","deck4","P-P",82,1404.99999979511,10,"magnitude",7,69,101.999999955297,"good",5,1,"Look ","no",6,7,8,6,7,8,2,3,4,4,3,2,3,4,2,3,4,3,4,3,2,3,4,3,0,2,3,4,3,2,3,4,3,3,4,2,4,3,2,4,3,4,2,3,4,3,4,2,3,4,4,548806
"344","ptZeiguy48WjP56",29,"female","1",8,"deck5","deck4","P-P",82,1404.99999979511,11,"magnitude",2,73,36.0000003129244,"good",5,1,"Look ","no",6,7,8,6,7,8,2,3,4,4,3,2,3,4,2,3,4,3,4,3,2,3,4,3,0,2,3,4,3,2,3,4,3,3,4,2,4,3,2,4,3,4,2,3,4,3,4,2,3,4,4,549345
"345","ptZeiguy48WjP56",29,"female","1",8,"deck5","deck4","P-P",82,1404.99999979511,12,"magnitude",3,69,78.999999910593,"good",5,1,"Look ","no",6,7,8,6,7,8,2,3,4,4,3,2,3,4,2,3,4,3,4,3,2,3,4,3,0,2,3,4,3,2,3,4,3,3,4,2,4,3,2,4,3,4,2,3,4,3,4,2,3,4,4,549927
"346","ptZeiguy48WjP56",29,"female","1",8,"deck5","deck4","P-P",82,1404.99999979511,13,"magnitude",1,73,41.9999998994172,"good",5,1,"Look ","no",6,7,8,6,7,8,2,3,4,4,3,2,3,4,2,3,4,3,4,3,2,3,4,3,0,2,3,4,3,2,3,4,3,3,4,2,4,3,2,4,3,4,2,3,4,3,4,2,3,4,4,550471
"347","ptZeiguy48WjP56",29,"female","1",9,"deck4","deck1","P-NP",82,1208.00000010058,1,"magnitude",6,69,83.0000001005828,"good",5,1,"Look ","no",6,7,8,6,7,8,2,3,4,4,3,2,3,4,2,3,4,3,4,3,2,3,4,3,0,2,3,4,3,2,3,4,3,3,4,2,4,3,2,4,3,4,2,3,4,3,4,2,3,4,4,553301
"348","ptZeiguy48WjP56",29,"female","1",9,"deck4","deck1","P-NP",82,1208.00000010058,2,"magnitude",7,73,21.0000001825392,"good",5,1,"Look ","no",6,7,8,6,7,8,2,3,4,4,3,2,3,4,2,3,4,3,4,3,2,3,4,3,0,2,3,4,3,2,3,4,3,3,4,2,4,3,2,4,3,4,2,3,4,3,4,2,3,4,4,553825
"349","ptZeiguy48WjP56",29,"female","1",9,"deck4","deck1","P-NP",82,1208.00000010058,3,"magnitude",8,69,72.0000001601875,"good",5,1,"Look ","no",6,7,8,6,7,8,2,3,4,4,3,2,3,4,2,3,4,3,4,3,2,3,4,3,0,2,3,4,3,2,3,4,3,3,4,2,4,3,2,4,3,4,2,3,4,3,4,2,3,4,4,554399
"350","ptZeiguy48WjP56",29,"female","1",9,"deck4","deck1","P-NP",82,1208.00000010058,4,"magnitude",8,69,126.000000163913,"good",5,1,"Look ","no",6,7,8,6,7,8,2,3,4,4,3,2,3,4,2,3,4,3,4,3,2,3,4,3,0,2,3,4,3,2,3,4,3,3,4,2,4,3,2,4,3,4,2,3,4,3,4,2,3,4,4,555030
"351","ptZeiguy48WjP56",29,"female","1",9,"deck4","deck1","P-NP",82,1208.00000010058,5,"magnitude",6,69,89.9999998509884,"good",5,1,"Look ","no",6,7,8,6,7,8,2,3,4,4,3,2,3,4,2,3,4,3,4,3,2,3,4,3,0,2,3,4,3,2,3,4,3,3,4,2,4,3,2,4,3,4,2,3,4,3,4,2,3,4,4,555624
"352","ptZeiguy48WjP56",29,"female","1",9,"deck4","deck1","P-NP",82,1208.00000010058,6,"magnitude",7,69,92.0000001788139,"good",5,1,"Look ","no",6,7,8,6,7,8,2,3,4,4,3,2,3,4,2,3,4,3,4,3,2,3,4,3,0,2,3,4,3,2,3,4,3,3,4,2,4,3,2,4,3,4,2,3,4,3,4,2,3,4,4,556217
"353","ptZeiguy48WjP56",29,"female","1",9,"deck4","deck1","P-NP",82,1208.00000010058,7,"magnitude",9,69,80.0000000745058,"good",5,1,"Look ","no",6,7,8,6,7,8,2,3,4,4,3,2,3,4,2,3,4,3,4,3,2,3,4,3,0,2,3,4,3,2,3,4,3,3,4,2,4,3,2,4,3,4,2,3,4,3,4,2,3,4,4,556799
"354","ptZeiguy48WjP56",29,"female","1",9,"deck4","deck1","P-NP",82,1208.00000010058,8,"magnitude",2,69,116.99999962002,"good",5,1,"Look ","no",6,7,8,6,7,8,2,3,4,4,3,2,3,4,2,3,4,3,4,3,2,3,4,3,0,2,3,4,3,2,3,4,3,3,4,2,4,3,2,4,3,4,2,3,4,3,4,2,3,4,4,557417
"355","ptZeiguy48WjP56",29,"female","1",9,"deck4","deck1","P-NP",82,1208.00000010058,9,"magnitude",1,69,98.000000230968,"good",5,1,"Look ","no",6,7,8,6,7,8,2,3,4,4,3,2,3,4,2,3,4,3,4,3,2,3,4,3,0,2,3,4,3,2,3,4,3,3,4,2,4,3,2,4,3,4,2,3,4,3,4,2,3,4,4,558016
"356","ptZeiguy48WjP56",29,"female","1",9,"deck4","deck1","P-NP",82,1208.00000010058,10,"magnitude",6,69,149.999999906868,"good",5,1,"Look ","no",6,7,8,6,7,8,2,3,4,4,3,2,3,4,2,3,4,3,4,3,2,3,4,3,0,2,3,4,3,2,3,4,3,3,4,2,4,3,2,4,3,4,2,3,4,3,4,2,3,4,4,558669
"357","ptZeiguy48WjP56",29,"female","1",9,"deck4","deck1","P-NP",82,1208.00000010058,11,"magnitude",1,69,111.999999731779,"good",5,1,"Look ","no",6,7,8,6,7,8,2,3,4,4,3,2,3,4,2,3,4,3,4,3,2,3,4,3,0,2,3,4,3,2,3,4,3,3,4,2,4,3,2,4,3,4,2,3,4,3,4,2,3,4,4,559282
"358","ptZeiguy48WjP56",29,"female","1",9,"deck4","deck1","P-NP",82,1208.00000010058,12,"parity",1,69,109.999999869615,"good",5,1,"Look ","no",6,7,8,6,7,8,2,3,4,4,3,2,3,4,2,3,4,3,4,3,2,3,4,3,0,2,3,4,3,2,3,4,3,3,4,2,4,3,2,4,3,4,2,3,4,3,4,2,3,4,4,559897
"359","ptZeiguy48WjP56",29,"female","1",9,"deck4","deck1","P-NP",82,1208.00000010058,13,"parity",7,73,178.000000305474,"good",5,1,"Look ","no",6,7,8,6,7,8,2,3,4,4,3,2,3,4,2,3,4,3,4,3,2,3,4,3,0,2,3,4,3,2,3,4,3,3,4,2,4,3,2,4,3,4,2,3,4,3,4,2,3,4,4,560591
"360","ptZeiguy48WjP56",29,"female","1",9,"deck4","deck1","P-NP",82,1208.00000010058,14,"parity",6,69,53.0000003054738,"good",5,1,"Look ","no",6,7,8,6,7,8,2,3,4,4,3,2,3,4,2,3,4,3,4,3,2,3,4,3,0,2,3,4,3,2,3,4,3,3,4,2,4,3,2,4,3,4,2,3,4,3,4,2,3,4,4,561147
"361","ptZeiguy48WjP56",29,"female","1",10,"deck6","deck1","P-NP",82,1350.99999979138,1,"parity",7,69,55.0000001676381,"good",5,1,"Look ","no",6,7,8,6,7,8,2,3,4,4,3,2,3,4,2,3,4,3,4,3,2,3,4,3,0,2,3,4,3,2,3,4,3,3,4,2,4,3,2,4,3,4,2,3,4,3,4,2,3,4,4,564061
"362","ptZeiguy48WjP56",29,"female","1",10,"deck6","deck1","P-NP",82,1350.99999979138,2,"parity",8,73,12.9999998025596,"good",5,1,"Look ","no",6,7,8,6,7,8,2,3,4,4,3,2,3,4,2,3,4,3,4,3,2,3,4,3,0,2,3,4,3,2,3,4,3,3,4,2,4,3,2,4,3,4,2,3,4,3,4,2,3,4,4,564578
"363","ptZeiguy48WjP56",29,"female","1",10,"deck6","deck1","P-NP",82,1350.99999979138,3,"parity",2,69,78.0000002123415,"good",5,1,"Look ","no",6,7,8,6,7,8,2,3,4,4,3,2,3,4,2,3,4,3,4,3,2,3,4,3,0,2,3,4,3,2,3,4,3,3,4,2,4,3,2,4,3,4,2,3,4,3,4,2,3,4,4,565159
"364","ptZeiguy48WjP56",29,"female","1",10,"deck6","deck1","P-NP",82,1350.99999979138,4,"parity",9,73,46.9999997876585,"good",5,1,"Look ","no",6,7,8,6,7,8,2,3,4,4,3,2,3,4,2,3,4,3,4,3,2,3,4,3,0,2,3,4,3,2,3,4,3,3,4,2,4,3,2,4,3,4,2,3,4,3,4,2,3,4,4,565713
"365","ptZeiguy48WjP56",29,"female","1",10,"deck6","deck1","P-NP",82,1350.99999979138,5,"magnitude",3,69,97.0000000670552,"good",5,1,"Look ","no",6,7,8,6,7,8,2,3,4,4,3,2,3,4,2,3,4,3,4,3,2,3,4,3,0,2,3,4,3,2,3,4,3,3,4,2,4,3,2,4,3,4,2,3,4,3,4,2,3,4,4,566310
"366","ptZeiguy48WjP56",29,"female","1",10,"deck6","deck1","P-NP",82,1350.99999979138,6,"magnitude",4,73,37.9999997094274,"good",5,1,"Look ","no",6,7,8,6,7,8,2,3,4,4,3,2,3,4,2,3,4,3,4,3,2,3,4,3,0,2,3,4,3,2,3,4,3,3,4,2,4,3,2,4,3,4,2,3,4,3,4,2,3,4,4,566849
"367","ptZeiguy48WjP56",29,"female","1",10,"deck6","deck1","P-NP",82,1350.99999979138,7,"magnitude",2,69,61.9999999180436,"good",5,1,"Look ","no",6,7,8,6,7,8,2,3,4,4,3,2,3,4,2,3,4,3,4,3,2,3,4,3,0,2,3,4,3,2,3,4,3,3,4,2,4,3,2,4,3,4,2,3,4,3,4,2,3,4,4,567412
"368","ptZeiguy48WjP56",29,"female","1",10,"deck6","deck1","P-NP",82,1350.99999979138,8,"parity",9,73,24.0000002086163,"good",5,1,"Look ","no",6,7,8,6,7,8,2,3,4,4,3,2,3,4,2,3,4,3,4,3,2,3,4,3,0,2,3,4,3,2,3,4,3,3,4,2,4,3,2,4,3,4,2,3,4,3,4,2,3,4,4,567942
"369","ptZeiguy48WjP56",29,"female","1",10,"deck6","deck1","P-NP",82,1350.99999979138,9,"parity",1,69,64.0000002458692,"good",5,1,"Look ","no",6,7,8,6,7,8,2,3,4,4,3,2,3,4,2,3,4,3,4,3,2,3,4,3,0,2,3,4,3,2,3,4,3,3,4,2,4,3,2,4,3,4,2,3,4,3,4,2,3,4,4,568533
"370","ptZeiguy48WjP56",29,"female","1",10,"deck6","deck1","P-NP",82,1350.99999979138,10,"parity",3,73,16.9999999925494,"good",5,1,"Look ","no",6,7,8,6,7,8,2,3,4,4,3,2,3,4,2,3,4,3,4,3,2,3,4,3,0,2,3,4,3,2,3,4,3,3,4,2,4,3,2,4,3,4,2,3,4,3,4,2,3,4,4,569051
"371","ptZeiguy48WjP56",29,"female","1",10,"deck6","deck1","P-NP",82,1350.99999979138,11,"parity",7,69,112.00000019744,"good",5,1,"Look ","no",6,7,8,6,7,8,2,3,4,4,3,2,3,4,2,3,4,3,4,3,2,3,4,3,0,2,3,4,3,2,3,4,3,3,4,2,4,3,2,4,3,4,2,3,4,3,4,2,3,4,4,569663
"372","ptZeiguy48WjP56",29,"female","1",10,"deck6","deck1","P-NP",82,1350.99999979138,12,"parity",8,73,57.0000000298023,"good",5,1,"Look ","no",6,7,8,6,7,8,2,3,4,4,3,2,3,4,2,3,4,3,4,3,2,3,4,3,0,2,3,4,3,2,3,4,3,3,4,2,4,3,2,4,3,4,2,3,4,3,4,2,3,4,4,570223
"373","ptZeiguy48WjP56",29,"female","1",10,"deck6","deck1","P-NP",82,1350.99999979138,13,"parity",2,69,151.000000070781,"good",5,1,"Look ","no",6,7,8,6,7,8,2,3,4,4,3,2,3,4,2,3,4,3,4,3,2,3,4,3,0,2,3,4,3,2,3,4,3,3,4,2,4,3,2,4,3,4,2,3,4,3,4,2,3,4,4,570876
"374","ptZeiguy48WjP56",29,"female","1",10,"deck6","deck1","P-NP",82,1350.99999979138,14,"parity",7,73,40.0000000372529,"good",5,1,"Look ","no",6,7,8,6,7,8,2,3,4,4,3,2,3,4,2,3,4,3,4,3,2,3,4,3,0,2,3,4,3,2,3,4,3,3,4,2,4,3,2,4,3,4,2,3,4,3,4,2,3,4,4,571416
"375","ptZeiguy48WjP56",29,"female","1",10,"deck6","deck1","P-NP",82,1350.99999979138,15,"parity",7,69,85.9999996609986,"good",5,1,"Look ","no",6,7,8,6,7,8,2,3,4,4,3,2,3,4,2,3,4,3,4,3,2,3,4,3,0,2,3,4,3,2,3,4,3,3,4,2,4,3,2,4,3,4,2,3,4,3,4,2,3,4,4,572005
"376","ptZeiguy48WjP56",29,"female","1",10,"deck6","deck1","P-NP",82,1350.99999979138,16,"parity",8,73,80.0000000745058,"good",5,1,"Look ","no",6,7,8,6,7,8,2,3,4,4,3,2,3,4,2,3,4,3,4,3,2,3,4,3,0,2,3,4,3,2,3,4,3,3,4,2,4,3,2,4,3,4,2,3,4,3,4,2,3,4,4,572586
"377","ptZeiguy48WjP56",29,"female","1",10,"deck6","deck1","P-NP",82,1350.99999979138,17,"parity",9,69,61.0000002197921,"good",5,1,"Look ","no",6,7,8,6,7,8,2,3,4,4,3,2,3,4,2,3,4,3,4,3,2,3,4,3,0,2,3,4,3,2,3,4,3,3,4,2,4,3,2,4,3,4,2,3,4,3,4,2,3,4,4,573172
"378","ptZeiguy48WjP56",29,"female","1",10,"deck6","deck1","P-NP",82,1350.99999979138,18,"parity",1,73,67.9999999701977,"good",5,1,"Look ","no",6,7,8,6,7,8,2,3,4,4,3,2,3,4,2,3,4,3,4,3,2,3,4,3,0,2,3,4,3,2,3,4,3,3,4,2,4,3,2,4,3,4,2,3,4,3,4,2,3,4,4,573740
"379","ptZeiguy48WjP56",29,"female","1",11,"deck4","deck2","P-NP",82,791.999999899417,1,"magnitude",6,69,97.0000000670552,"good",5,1,"Look ","no",6,7,8,6,7,8,2,3,4,4,3,2,3,4,2,3,4,3,4,3,2,3,4,3,0,2,3,4,3,2,3,4,3,3,4,2,4,3,2,4,3,4,2,3,4,3,4,2,3,4,4,576135
"380","ptZeiguy48WjP56",29,"female","1",11,"deck4","deck2","P-NP",82,791.999999899417,2,"magnitude",8,73,0.999999698251486,"good",5,1,"Look ","no",6,7,8,6,7,8,2,3,4,4,3,2,3,4,2,3,4,3,4,3,2,3,4,3,0,2,3,4,3,2,3,4,3,3,4,2,4,3,2,4,3,4,2,3,4,3,4,2,3,4,4,576665
"381","ptZeiguy48WjP56",29,"female","1",11,"deck4","deck2","P-NP",82,791.999999899417,3,"magnitude",7,69,66.9999998062849,"good",5,1,"Look ","no",6,7,8,6,7,8,2,3,4,4,3,2,3,4,2,3,4,3,4,3,2,3,4,3,0,2,3,4,3,2,3,4,3,3,4,2,4,3,2,4,3,4,2,3,4,3,4,2,3,4,4,577234
"382","ptZeiguy48WjP56",29,"female","1",11,"deck4","deck2","P-NP",82,791.999999899417,4,"magnitude",6,73,10.9999999403954,"good",5,1,"Look ","no",6,7,8,6,7,8,2,3,4,4,3,2,3,4,2,3,4,3,4,3,2,3,4,3,0,2,3,4,3,2,3,4,3,3,4,2,4,3,2,4,3,4,2,3,4,3,4,2,3,4,4,577746
"383","ptZeiguy48WjP56",29,"female","1",11,"deck4","deck2","P-NP",82,791.999999899417,5,"parity",9,69,52.9999998398125,"good",5,1,"Look ","no",6,7,8,6,7,8,2,3,4,4,3,2,3,4,2,3,4,3,4,3,2,3,4,3,0,2,3,4,3,2,3,4,3,3,4,2,4,3,2,4,3,4,2,3,4,3,4,2,3,4,4,578303
"384","ptZeiguy48WjP56",29,"female","1",11,"deck4","deck2","P-NP",82,791.999999899417,6,"parity",6,73,61.0000002197921,"good",5,1,"Look ","no",6,7,8,6,7,8,2,3,4,4,3,2,3,4,2,3,4,3,4,3,2,3,4,3,0,2,3,4,3,2,3,4,3,3,4,2,4,3,2,4,3,4,2,3,4,3,4,2,3,4,4,578865
"385","ptZeiguy48WjP56",29,"female","1",11,"deck4","deck2","P-NP",82,791.999999899417,7,"magnitude",3,69,3.00000002607703,"good",5,1,"Look ","no",6,7,8,6,7,8,2,3,4,4,3,2,3,4,2,3,4,3,4,3,2,3,4,3,0,2,3,4,3,2,3,4,3,3,4,2,4,3,2,4,3,4,2,3,4,3,4,2,3,4,4,579370
"386","ptZeiguy48WjP56",29,"female","1",11,"deck4","deck2","P-NP",82,791.999999899417,8,"parity",3,69,9.0000000782311,"good",5,1,"Look ","no",6,7,8,6,7,8,2,3,4,4,3,2,3,4,2,3,4,3,4,3,2,3,4,3,0,2,3,4,3,2,3,4,3,3,4,2,4,3,2,4,3,4,2,3,4,3,4,2,3,4,4,579882
"387","ptZeiguy48WjP56",29,"female","1",11,"deck4","deck2","P-NP",82,791.999999899417,9,"magnitude",8,73,54.0000000037253,"good",5,1,"Look ","no",6,7,8,6,7,8,2,3,4,4,3,2,3,4,2,3,4,3,4,3,2,3,4,3,0,2,3,4,3,2,3,4,3,3,4,2,4,3,2,4,3,4,2,3,4,3,4,2,3,4,4,580438
"388","ptZeiguy48WjP56",29,"female","1",11,"deck4","deck2","P-NP",82,791.999999899417,10,"parity",8,69,75.999999884516,"good",5,1,"Look ","no",6,7,8,6,7,8,2,3,4,4,3,2,3,4,2,3,4,3,4,3,2,3,4,3,0,2,3,4,3,2,3,4,3,3,4,2,4,3,2,4,3,4,2,3,4,3,4,2,3,4,4,581015
"389","ptZeiguy48WjP56",29,"female","1",11,"deck4","deck2","P-NP",82,791.999999899417,11,"magnitude",9,73,19.9999995529652,"good",5,1,"Look ","no",6,7,8,6,7,8,2,3,4,4,3,2,3,4,2,3,4,3,4,3,2,3,4,3,0,2,3,4,3,2,3,4,3,3,4,2,4,3,2,4,3,4,2,3,4,3,4,2,3,4,4,581539
"390","ptZeiguy48WjP56",29,"female","1",11,"deck4","deck2","P-NP",82,791.999999899417,12,"magnitude",6,69,155.999999959022,"good",5,1,"Look ","no",6,7,8,6,7,8,2,3,4,4,3,2,3,4,2,3,4,3,4,3,2,3,4,3,0,2,3,4,3,2,3,4,3,3,4,2,4,3,2,4,3,4,2,3,4,3,4,2,3,4,4,582196
"391","ptZeiguy48WjP56",29,"female","1",12,"deck5","deck4","P-P",82,777.999999932945,1,"parity",1,69,91.0000000149012,"good",5,1,"Look ","no",6,7,8,6,7,8,2,3,4,4,3,2,3,4,2,3,4,3,4,3,2,3,4,3,0,2,3,4,3,2,3,4,3,3,4,2,4,3,2,4,3,4,2,3,4,3,4,2,3,4,4,584572
"392","ptZeiguy48WjP56",29,"female","1",12,"deck5","deck4","P-P",82,777.999999932945,2,"parity",7,69,250,"good",5,1,"Look ","no",6,7,8,6,7,8,2,3,4,4,3,2,3,4,2,3,4,3,4,3,2,3,4,3,0,2,3,4,3,2,3,4,3,3,4,2,4,3,2,4,3,4,2,3,4,3,4,2,3,4,4,585335
"393","ptZeiguy48WjP56",29,"female","1",12,"deck5","deck4","P-P",82,777.999999932945,3,"parity",6,69,172.999999951571,"good",5,1,"Look ","no",6,7,8,6,7,8,2,3,4,4,3,2,3,4,2,3,4,3,4,3,2,3,4,3,0,2,3,4,3,2,3,4,3,3,4,2,4,3,2,4,3,4,2,3,4,3,4,2,3,4,4,586009
"394","ptZeiguy48WjP56",29,"female","1",12,"deck5","deck4","P-P",82,777.999999932945,4,"parity",2,73,102.999999653548,"good",5,1,"Look ","no",6,7,8,6,7,8,2,3,4,4,3,2,3,4,2,3,4,3,4,3,2,3,4,3,0,2,3,4,3,2,3,4,3,3,4,2,4,3,2,4,3,4,2,3,4,3,4,2,3,4,4,586613
"395","ptZeiguy48WjP56",29,"female","1",12,"deck5","deck4","P-P",82,777.999999932945,5,"parity",7,69,136.000000406057,"good",5,1,"Look ","no",6,7,8,6,7,8,2,3,4,4,3,2,3,4,2,3,4,3,4,3,2,3,4,3,0,2,3,4,3,2,3,4,3,3,4,2,4,3,2,4,3,4,2,3,4,3,4,2,3,4,4,587252
"396","ptZeiguy48WjP56",29,"female","1",12,"deck5","deck4","P-P",82,777.999999932945,6,"parity",4,73,46.9999997876585,"good",5,1,"Look ","no",6,7,8,6,7,8,2,3,4,4,3,2,3,4,2,3,4,3,4,3,2,3,4,3,0,2,3,4,3,2,3,4,3,3,4,2,4,3,2,4,3,4,2,3,4,3,4,2,3,4,4,587803
"397","ptZeiguy48WjP56",29,"female","1",12,"deck5","deck4","P-P",82,777.999999932945,7,"parity",4,69,128.000000026077,"good",5,1,"Look ","no",6,7,8,6,7,8,2,3,4,4,3,2,3,4,2,3,4,3,4,3,2,3,4,3,0,2,3,4,3,2,3,4,3,3,4,2,4,3,2,4,3,4,2,3,4,3,4,2,3,4,4,588433
"398","ptZeiguy48WjP56",29,"female","1",12,"deck5","deck4","P-P",82,777.999999932945,8,"magnitude",8,73,21.0000001825392,"good",5,1,"Look ","no",6,7,8,6,7,8,2,3,4,4,3,2,3,4,2,3,4,3,4,3,2,3,4,3,0,2,3,4,3,2,3,4,3,3,4,2,4,3,2,4,3,4,2,3,4,3,4,2,3,4,4,588955
"399","ptZeiguy48WjP56",29,"female","1",12,"deck5","deck4","P-P",82,777.999999932945,9,"magnitude",4,69,125,"good",5,1,"Look ","no",6,7,8,6,7,8,2,3,4,4,3,2,3,4,2,3,4,3,4,3,2,3,4,3,0,2,3,4,3,2,3,4,3,3,4,2,4,3,2,4,3,4,2,3,4,3,4,2,3,4,4,589582
"400","ptZeiguy48WjP56",29,"female","1",12,"deck5","deck4","P-P",82,777.999999932945,10,"magnitude",3,73,19.000000320375,"good",5,1,"Look ","no",6,7,8,6,7,8,2,3,4,4,3,2,3,4,2,3,4,3,4,3,2,3,4,3,0,2,3,4,3,2,3,4,3,3,4,2,4,3,2,4,3,4,2,3,4,3,4,2,3,4,4,590101
"401","ptZeiguy48WjP56",29,"female","1",13,"deck2","deck4","P-NP",82,2664.000000339,1,"parity",2,73,41.9999998994172,"good",5,1,"Look ","no",6,7,8,6,7,8,2,3,4,4,3,2,3,4,2,3,4,3,4,3,2,3,4,3,0,2,3,4,3,2,3,4,3,3,4,2,4,3,2,4,3,4,2,3,4,3,4,2,3,4,4,594322
"402","ptZeiguy48WjP56",29,"female","1",13,"deck2","deck4","P-NP",82,2664.000000339,2,"parity",6,73,6.00000005215406,"good",5,1,"Look ","no",6,7,8,6,7,8,2,3,4,4,3,2,3,4,2,3,4,3,4,3,2,3,4,3,0,2,3,4,3,2,3,4,3,3,4,2,4,3,2,4,3,4,2,3,4,3,4,2,3,4,4,594830
"403","ptZeiguy48WjP56",29,"female","1",13,"deck2","deck4","P-NP",82,2664.000000339,3,"parity",6,73,18.9999998547137,"good",5,1,"Look ","no",6,7,8,6,7,8,2,3,4,4,3,2,3,4,2,3,4,3,4,3,2,3,4,3,0,2,3,4,3,2,3,4,3,3,4,2,4,3,2,4,3,4,2,3,4,3,4,2,3,4,4,595353
"404","ptZeiguy48WjP56",29,"female","1",13,"deck2","deck4","P-NP",82,2664.000000339,4,"parity",4,69,68.9999996684492,"good",5,1,"Look ","no",6,7,8,6,7,8,2,3,4,4,3,2,3,4,2,3,4,3,4,3,2,3,4,3,0,2,3,4,3,2,3,4,3,3,4,2,4,3,2,4,3,4,2,3,4,3,4,2,3,4,4,595923
"405","ptZeiguy48WjP56",29,"female","1",13,"deck2","deck4","P-NP",82,2664.000000339,5,"parity",8,73,62.0000003837049,"good",5,1,"Look ","no",6,7,8,6,7,8,2,3,4,4,3,2,3,4,2,3,4,3,4,3,2,3,4,3,0,2,3,4,3,2,3,4,3,3,4,2,4,3,2,4,3,4,2,3,4,3,4,2,3,4,4,596486
"406","ptZeiguy48WjP56",29,"female","1",13,"deck2","deck4","P-NP",82,2664.000000339,6,"parity",2,69,126.999999862164,"good",5,1,"Look ","no",6,7,8,6,7,8,2,3,4,4,3,2,3,4,2,3,4,3,4,3,2,3,4,3,0,2,3,4,3,2,3,4,3,3,4,2,4,3,2,4,3,4,2,3,4,3,4,2,3,4,4,597115
"407","ptZeiguy48WjP56",29,"female","1",13,"deck2","deck4","P-NP",82,2664.000000339,7,"parity",1,69,164.999999571592,"good",5,1,"Look ","no",6,7,8,6,7,8,2,3,4,4,3,2,3,4,2,3,4,3,4,3,2,3,4,3,0,2,3,4,3,2,3,4,3,3,4,2,4,3,2,4,3,4,2,3,4,3,4,2,3,4,4,597790
"408","ptZeiguy48WjP56",29,"female","1",13,"deck2","deck4","P-NP",82,2664.000000339,8,"parity",8,73,179.999999701977,"good",5,1,"Look ","no",6,7,8,6,7,8,2,3,4,4,3,2,3,4,2,3,4,3,4,3,2,3,4,3,0,2,3,4,3,2,3,4,3,3,4,2,4,3,2,4,3,4,2,3,4,3,4,2,3,4,4,598475
"409","ptZeiguy48WjP56",29,"female","1",13,"deck2","deck4","P-NP",82,2664.000000339,9,"parity",7,69,121.000000275671,"good",5,1,"Look ","no",6,7,8,6,7,8,2,3,4,4,3,2,3,4,2,3,4,3,4,3,2,3,4,3,0,2,3,4,3,2,3,4,3,3,4,2,4,3,2,4,3,4,2,3,4,3,4,2,3,4,4,599098
"410","ptZeiguy48WjP56",29,"female","1",13,"deck2","deck4","P-NP",82,2664.000000339,10,"parity",9,73,277.999999932945,"good",5,1,"Look ","no",6,7,8,6,7,8,2,3,4,4,3,2,3,4,2,3,4,3,4,3,2,3,4,3,0,2,3,4,3,2,3,4,3,3,4,2,4,3,2,4,3,4,2,3,4,3,4,2,3,4,4,599878
"411","ptZeiguy48WjP56",29,"female","1",13,"deck2","deck4","P-NP",82,2664.000000339,11,"parity",7,69,81.9999999366701,"good",5,1,"Look ","no",6,7,8,6,7,8,2,3,4,4,3,2,3,4,2,3,4,3,4,3,2,3,4,3,0,2,3,4,3,2,3,4,3,3,4,2,4,3,2,4,3,4,2,3,4,3,4,2,3,4,4,600461
"412","ptZeiguy48WjP56",29,"female","1",13,"deck2","deck4","P-NP",82,2664.000000339,12,"magnitude",8,69,158.000000286847,"good",5,1,"Look ","no",6,7,8,6,7,8,2,3,4,4,3,2,3,4,2,3,4,3,4,3,2,3,4,3,0,2,3,4,3,2,3,4,3,3,4,2,4,3,2,4,3,4,2,3,4,3,4,2,3,4,4,601121
"413","ptZeiguy48WjP56",29,"female","1",13,"deck2","deck4","P-NP",82,2664.000000339,13,"magnitude",8,69,166.999999899417,"good",5,1,"Look ","no",6,7,8,6,7,8,2,3,4,4,3,2,3,4,2,3,4,3,4,3,2,3,4,3,0,2,3,4,3,2,3,4,3,3,4,2,4,3,2,4,3,4,2,3,4,3,4,2,3,4,4,601791
"414","ptZeiguy48WjP56",29,"female","1",13,"deck2","deck4","P-NP",82,2664.000000339,14,"magnitude",2,73,27.9999999329448,"good",5,1,"Look ","no",6,7,8,6,7,8,2,3,4,4,3,2,3,4,2,3,4,3,4,3,2,3,4,3,0,2,3,4,3,2,3,4,3,3,4,2,4,3,2,4,3,4,2,3,4,3,4,2,3,4,4,602321
"415","ptZeiguy48WjP56",29,"female","1",13,"deck2","deck4","P-NP",82,2664.000000339,15,"magnitude",9,69,37.0000000111759,"good",5,1,"Look ","no",6,7,8,6,7,8,2,3,4,4,3,2,3,4,2,3,4,3,4,3,2,3,4,3,0,2,3,4,3,2,3,4,3,3,4,2,4,3,2,4,3,4,2,3,4,3,4,2,3,4,4,602873
"416","ptZeiguy48WjP56",29,"female","1",14,"deck2","deck3","NP-NP",82,584.999999962747,1,"parity",3,73,79.0000003762543,"good",5,1,"Look ","no",6,7,8,6,7,8,2,3,4,4,3,2,3,4,2,3,4,3,4,3,2,3,4,3,0,2,3,4,3,2,3,4,3,3,4,2,4,3,2,4,3,4,2,3,4,3,4,2,3,4,4,605047
"417","ptZeiguy48WjP56",29,"female","1",14,"deck2","deck3","NP-NP",82,584.999999962747,2,"magnitude",8,69,0,"good",5,1,"Look ","no",6,7,8,6,7,8,2,3,4,4,3,2,3,4,2,3,4,3,4,3,2,3,4,3,0,2,3,4,3,2,3,4,3,3,4,2,4,3,2,4,3,4,2,3,4,3,4,2,3,4,4,605550
"418","ptZeiguy48WjP56",29,"female","1",14,"deck2","deck3","NP-NP",82,584.999999962747,3,"parity",9,69,54.0000000037253,"good",5,1,"Look ","no",6,7,8,6,7,8,2,3,4,4,3,2,3,4,2,3,4,3,4,3,2,3,4,3,0,2,3,4,3,2,3,4,3,3,4,2,4,3,2,4,3,4,2,3,4,3,4,2,3,4,4,606106
"419","ptZeiguy48WjP56",29,"female","1",14,"deck2","deck3","NP-NP",82,584.999999962747,4,"magnitude",7,73,49.000000115484,"good",5,1,"Look ","no",6,7,8,6,7,8,2,3,4,4,3,2,3,4,2,3,4,3,4,3,2,3,4,3,0,2,3,4,3,2,3,4,3,3,4,2,4,3,2,4,3,4,2,3,4,3,4,2,3,4,4,606658
"420","ptZeiguy48WjP56",29,"female","1",14,"deck2","deck3","NP-NP",82,584.999999962747,5,"parity",8,69,91.0000000149012,"good",5,1,"Look ","no",6,7,8,6,7,8,2,3,4,4,3,2,3,4,2,3,4,3,4,3,2,3,4,3,0,2,3,4,3,2,3,4,3,3,4,2,4,3,2,4,3,4,2,3,4,3,4,2,3,4,4,607257
"421","ptZeiguy48WjP56",29,"female","1",14,"deck2","deck3","NP-NP",82,584.999999962747,6,"magnitude",9,73,112.00000019744,"good",5,1,"Look ","no",6,7,8,6,7,8,2,3,4,4,3,2,3,4,2,3,4,3,4,3,2,3,4,3,0,2,3,4,3,2,3,4,3,3,4,2,4,3,2,4,3,4,2,3,4,3,4,2,3,4,4,607870
"422","ptZeiguy48WjP56",29,"female","1",14,"deck2","deck3","NP-NP",82,584.999999962747,7,"parity",4,69,74.0000000223517,"good",5,1,"Look ","no",6,7,8,6,7,8,2,3,4,4,3,2,3,4,2,3,4,3,4,3,2,3,4,3,0,2,3,4,3,2,3,4,3,3,4,2,4,3,2,4,3,4,2,3,4,3,4,2,3,4,4,608452
"423","ptZeiguy48WjP56",29,"female","1",14,"deck2","deck3","NP-NP",82,584.999999962747,8,"magnitude",6,73,33.0000002868474,"good",5,1,"Look ","no",6,7,8,6,7,8,2,3,4,4,3,2,3,4,2,3,4,3,4,3,2,3,4,3,0,2,3,4,3,2,3,4,3,3,4,2,4,3,2,4,3,4,2,3,4,3,4,2,3,4,4,608987
"424","ptZeiguy48WjP56",29,"female","1",14,"deck2","deck3","NP-NP",82,584.999999962747,9,"parity",3,69,143.999999854714,"good",5,1,"Look ","no",6,7,8,6,7,8,2,3,4,4,3,2,3,4,2,3,4,3,4,3,2,3,4,3,0,2,3,4,3,2,3,4,3,3,4,2,4,3,2,4,3,4,2,3,4,3,4,2,3,4,4,609635
"425","ptZeiguy48WjP56",29,"female","1",14,"deck2","deck3","NP-NP",82,584.999999962747,10,"magnitude",2,69,105.000000447035,"good",5,1,"Look ","no",6,7,8,6,7,8,2,3,4,4,3,2,3,4,2,3,4,3,4,3,2,3,4,3,0,2,3,4,3,2,3,4,3,3,4,2,4,3,2,4,3,4,2,3,4,3,4,2,3,4,4,610253
"426","ptZeiguy48WjP56",29,"female","1",14,"deck2","deck3","NP-NP",82,584.999999962747,11,"magnitude",1,69,6.00000005215406,"good",5,1,"Look ","no",6,7,8,6,7,8,2,3,4,4,3,2,3,4,2,3,4,3,4,3,2,3,4,3,0,2,3,4,3,2,3,4,3,3,4,2,4,3,2,4,3,4,2,3,4,3,4,2,3,4,4,610771
"427","ptZeiguy48WjP56",29,"female","1",14,"deck2","deck3","NP-NP",82,584.999999962747,12,"parity",9,69,163.000000175089,"good",5,1,"Look ","no",6,7,8,6,7,8,2,3,4,4,3,2,3,4,2,3,4,3,4,3,2,3,4,3,0,2,3,4,3,2,3,4,3,3,4,2,4,3,2,4,3,4,2,3,4,3,4,2,3,4,4,611437
"428","ptZeiguy48WjP56",29,"female","1",15,"deck1","deck2","NP-NP",82,1444.99999983236,1,"magnitude",8,69,40.9999997355044,"good",5,1,"Look ","no",6,7,8,6,7,8,2,3,4,4,3,2,3,4,2,3,4,3,4,3,2,3,4,3,0,2,3,4,3,2,3,4,3,3,4,2,4,3,2,4,3,4,2,3,4,3,4,2,3,4,4,614437
"429","ptZeiguy48WjP56",29,"female","1",15,"deck1","deck2","NP-NP",82,1444.99999983236,2,"parity",1,73,12.9999998025596,"good",5,1,"Look ","no",6,7,8,6,7,8,2,3,4,4,3,2,3,4,2,3,4,3,4,3,2,3,4,3,0,2,3,4,3,2,3,4,3,3,4,2,4,3,2,4,3,4,2,3,4,3,4,2,3,4,4,614956
"430","ptZeiguy48WjP56",29,"female","1",15,"deck1","deck2","NP-NP",82,1444.99999983236,3,"magnitude",9,69,75.999999884516,"good",5,1,"Look ","no",6,7,8,6,7,8,2,3,4,4,3,2,3,4,2,3,4,3,4,3,2,3,4,3,0,2,3,4,3,2,3,4,3,3,4,2,4,3,2,4,3,4,2,3,4,3,4,2,3,4,4,615535
"431","ptZeiguy48WjP56",29,"female","1",15,"deck1","deck2","NP-NP",82,1444.99999983236,4,"magnitude",4,69,24.0000002086163,"good",5,1,"Look ","no",6,7,8,6,7,8,2,3,4,4,3,2,3,4,2,3,4,3,4,3,2,3,4,3,0,2,3,4,3,2,3,4,3,3,4,2,4,3,2,4,3,4,2,3,4,3,4,2,3,4,4,616061
"432","ptZeiguy48WjP56",29,"female","1",15,"deck1","deck2","NP-NP",82,1444.99999983236,5,"magnitude",4,73,151.000000070781,"good",5,1,"Look ","no",6,7,8,6,7,8,2,3,4,4,3,2,3,4,2,3,4,3,4,3,2,3,4,3,0,2,3,4,3,2,3,4,3,3,4,2,4,3,2,4,3,4,2,3,4,3,4,2,3,4,4,616719
"433","ptZeiguy48WjP56",29,"female","1",15,"deck1","deck2","NP-NP",82,1444.99999983236,6,"parity",7,69,130.000000353903,"good",5,1,"Look ","no",6,7,8,6,7,8,2,3,4,4,3,2,3,4,2,3,4,3,4,3,2,3,4,3,0,2,3,4,3,2,3,4,3,3,4,2,4,3,2,4,3,4,2,3,4,3,4,2,3,4,4,617355
"434","ptZeiguy48WjP56",29,"female","1",15,"deck1","deck2","NP-NP",82,1444.99999983236,7,"parity",4,73,41.0000002011657,"good",5,1,"Look ","no",6,7,8,6,7,8,2,3,4,4,3,2,3,4,2,3,4,3,4,3,2,3,4,3,0,2,3,4,3,2,3,4,3,3,4,2,4,3,2,4,3,4,2,3,4,3,4,2,3,4,4,617905
"435","ptZeiguy48WjP56",29,"female","1",15,"deck1","deck2","NP-NP",82,1444.99999983236,8,"parity",7,73,12.9999998025596,"good",5,1,"Look ","no",6,7,8,6,7,8,2,3,4,4,3,2,3,4,2,3,4,3,4,3,2,3,4,3,0,2,3,4,3,2,3,4,3,3,4,2,4,3,2,4,3,4,2,3,4,3,4,2,3,4,4,618421
"436","ptZeiguy48WjP56",29,"female","1",15,"deck1","deck2","NP-NP",82,1444.99999983236,9,"magnitude",7,69,7.00000021606684,"good",5,1,"Look ","no",6,7,8,6,7,8,2,3,4,4,3,2,3,4,2,3,4,3,4,3,2,3,4,3,0,2,3,4,3,2,3,4,3,3,4,2,4,3,2,4,3,4,2,3,4,3,4,2,3,4,4,618930
"437","ptZeiguy48WjP56",29,"female","1",15,"deck1","deck2","NP-NP",82,1444.99999983236,10,"parity",4,73,13.0000002682209,"good",5,1,"Look ","no",6,7,8,6,7,8,2,3,4,4,3,2,3,4,2,3,4,3,4,3,2,3,4,3,0,2,3,4,3,2,3,4,3,3,4,2,4,3,2,4,3,4,2,3,4,3,4,2,3,4,4,619465
"438","ptZeiguy48WjP56",29,"female","1",15,"deck1","deck2","NP-NP",82,1444.99999983236,11,"parity",8,73,30.9999999590218,"good",5,1,"Look ","no",6,7,8,6,7,8,2,3,4,4,3,2,3,4,2,3,4,3,4,3,2,3,4,3,0,2,3,4,3,2,3,4,3,3,4,2,4,3,2,4,3,4,2,3,4,3,4,2,3,4,4,619997
"439","ptZeiguy48WjP56",29,"female","1",15,"deck1","deck2","NP-NP",82,1444.99999983236,12,"parity",1,73,4.00000018998981,"good",5,1,"Look ","no",6,7,8,6,7,8,2,3,4,4,3,2,3,4,2,3,4,3,4,3,2,3,4,3,0,2,3,4,3,2,3,4,3,3,4,2,4,3,2,4,3,4,2,3,4,3,4,2,3,4,4,620501
"440","ptZeiguy48WjP56",29,"female","1",15,"deck1","deck2","NP-NP",82,1444.99999983236,13,"parity",4,73,13.9999999664724,"good",5,1,"Look ","no",6,7,8,6,7,8,2,3,4,4,3,2,3,4,2,3,4,3,4,3,2,3,4,3,0,2,3,4,3,2,3,4,3,3,4,2,4,3,2,4,3,4,2,3,4,3,4,2,3,4,4,621017
"441","ptZeiguy48WjP56",29,"female","1",15,"deck1","deck2","NP-NP",82,1444.99999983236,14,"parity",8,69,109.000000171363,"good",5,1,"Look ","no",6,7,8,6,7,8,2,3,4,4,3,2,3,4,2,3,4,3,4,3,2,3,4,3,0,2,3,4,3,2,3,4,3,3,4,2,4,3,2,4,3,4,2,3,4,3,4,2,3,4,4,621627
"442","ptZeiguy48WjP56",29,"female","1",15,"deck1","deck2","NP-NP",82,1444.99999983236,15,"magnitude",7,73,30.0000002607703,"good",5,1,"Look ","no",6,7,8,6,7,8,2,3,4,4,3,2,3,4,2,3,4,3,4,3,2,3,4,3,0,2,3,4,3,2,3,4,3,3,4,2,4,3,2,4,3,4,2,3,4,3,4,2,3,4,4,622158
"443","ptZeiguy48WjP56",29,"female","1",15,"deck1","deck2","NP-NP",82,1444.99999983236,16,"parity",3,69,89.9999998509884,"good",5,1,"Look ","no",6,7,8,6,7,8,2,3,4,4,3,2,3,4,2,3,4,3,4,3,2,3,4,3,0,2,3,4,3,2,3,4,3,3,4,2,4,3,2,4,3,4,2,3,4,3,4,2,3,4,4,622749
"444","ptZeiguy48WjP56",29,"female","1",15,"deck1","deck2","NP-NP",82,1444.99999983236,17,"magnitude",7,73,58.0000001937151,"good",5,1,"Look ","no",6,7,8,6,7,8,2,3,4,4,3,2,3,4,2,3,4,3,4,3,2,3,4,3,0,2,3,4,3,2,3,4,3,3,4,2,4,3,2,4,3,4,2,3,4,3,4,2,3,4,4,623308
"445","ptZeiguy48WjP56",29,"female","1",16,"deck4","deck1","P-NP",82,952.000000048429,1,"parity",8,69,160.999999847263,"good",5,1,"Look ","no",6,7,8,6,7,8,2,3,4,4,3,2,3,4,2,3,4,3,4,3,2,3,4,3,0,2,3,4,3,2,3,4,3,3,4,2,4,3,2,4,3,4,2,3,4,3,4,2,3,4,4,625968
"446","ptZeiguy48WjP56",29,"female","1",16,"deck4","deck1","P-NP",82,952.000000048429,2,"parity",2,73,46.000000089407,"good",5,1,"Look ","no",6,7,8,6,7,8,2,3,4,4,3,2,3,4,2,3,4,3,4,3,2,3,4,3,0,2,3,4,3,2,3,4,3,3,4,2,4,3,2,4,3,4,2,3,4,3,4,2,3,4,4,626516
"447","ptZeiguy48WjP56",29,"female","1",16,"deck4","deck1","P-NP",82,952.000000048429,3,"parity",7,73,5.99999958649278,"good",5,1,"Look ","no",6,7,8,6,7,8,2,3,4,4,3,2,3,4,2,3,4,3,4,3,2,3,4,3,0,2,3,4,3,2,3,4,3,3,4,2,4,3,2,4,3,4,2,3,4,3,4,2,3,4,4,627026
"448","ptZeiguy48WjP56",29,"female","1",16,"deck4","deck1","P-NP",82,952.000000048429,4,"parity",6,73,44.9999999254942,"good",5,1,"Look ","no",6,7,8,6,7,8,2,3,4,4,3,2,3,4,2,3,4,3,4,3,2,3,4,3,0,2,3,4,3,2,3,4,3,3,4,2,4,3,2,4,3,4,2,3,4,3,4,2,3,4,4,627574
"449","ptZeiguy48WjP56",29,"female","1",16,"deck4","deck1","P-NP",82,952.000000048429,5,"parity",8,73,30.0000002607703,"good",5,1,"Look ","no",6,7,8,6,7,8,2,3,4,4,3,2,3,4,2,3,4,3,4,3,2,3,4,3,0,2,3,4,3,2,3,4,3,3,4,2,4,3,2,4,3,4,2,3,4,3,4,2,3,4,4,628106
"450","ptZeiguy48WjP56",29,"female","1",16,"deck4","deck1","P-NP",82,952.000000048429,6,"magnitude",3,69,192.999999970198,"good",5,1,"Look ","no",6,7,8,6,7,8,2,3,4,4,3,2,3,4,2,3,4,3,4,3,2,3,4,3,0,2,3,4,3,2,3,4,3,3,4,2,4,3,2,4,3,4,2,3,4,3,4,2,3,4,4,628806
"451","ptZeiguy48WjP56",29,"female","1",16,"deck4","deck1","P-NP",82,952.000000048429,7,"parity",6,69,49.9999998137355,"good",5,1,"Look ","no",6,7,8,6,7,8,2,3,4,4,3,2,3,4,2,3,4,3,4,3,2,3,4,3,0,2,3,4,3,2,3,4,3,3,4,2,4,3,2,4,3,4,2,3,4,3,4,2,3,4,4,629360
"452","ptZeiguy48WjP56",29,"female","1",16,"deck4","deck1","P-NP",82,952.000000048429,8,"parity",4,69,15.9999998286366,"good",5,1,"Look ","no",6,7,8,6,7,8,2,3,4,4,3,2,3,4,2,3,4,3,4,3,2,3,4,3,0,2,3,4,3,2,3,4,3,3,4,2,4,3,2,4,3,4,2,3,4,3,4,2,3,4,4,629878
"453","ptZeiguy48WjP56",29,"female","1",16,"deck4","deck1","P-NP",82,952.000000048429,9,"parity",3,69,33.9999999850988,"good",5,1,"Look ","no",6,7,8,6,7,8,2,3,4,4,3,2,3,4,2,3,4,3,4,3,2,3,4,3,0,2,3,4,3,2,3,4,3,3,4,2,4,3,2,4,3,4,2,3,4,3,4,2,3,4,4,630419
"454","ptZeiguy48WjP56",29,"female","1",16,"deck4","deck1","P-NP",82,952.000000048429,10,"parity",3,69,75.0000001862645,"good",5,1,"Look ","no",6,7,8,6,7,8,2,3,4,4,3,2,3,4,2,3,4,3,4,3,2,3,4,3,0,2,3,4,3,2,3,4,3,3,4,2,4,3,2,4,3,4,2,3,4,3,4,2,3,4,4,630995
"455","ptZeiguy48WjP56",29,"female","1",16,"deck4","deck1","P-NP",82,952.000000048429,11,"parity",7,73,108.000000007451,"good",5,1,"Look ","no",6,7,8,6,7,8,2,3,4,4,3,2,3,4,2,3,4,3,4,3,2,3,4,3,0,2,3,4,3,2,3,4,3,3,4,2,4,3,2,4,3,4,2,3,4,3,4,2,3,4,4,631606
"456","ptZeiguy48WjP56",29,"female","1",16,"deck4","deck1","P-NP",82,952.000000048429,12,"parity",2,69,234.999999869615,"good",5,1,"Look ","no",6,7,8,6,7,8,2,3,4,4,3,2,3,4,2,3,4,3,4,3,2,3,4,3,0,2,3,4,3,2,3,4,3,3,4,2,4,3,2,4,3,4,2,3,4,3,4,2,3,4,4,632342
"457","ptZeiguy48WjP56",29,"female","1",16,"deck4","deck1","P-NP",82,952.000000048429,13,"parity",2,69,14.0000004321337,"good",5,1,"Look ","no",6,7,8,6,7,8,2,3,4,4,3,2,3,4,2,3,4,3,4,3,2,3,4,3,0,2,3,4,3,2,3,4,3,3,4,2,4,3,2,4,3,4,2,3,4,3,4,2,3,4,4,632858
"458","ptZeiguy48WjP56",29,"female","1",16,"deck4","deck1","P-NP",82,952.000000048429,14,"parity",6,69,112.00000019744,"good",5,1,"Look ","no",6,7,8,6,7,8,2,3,4,4,3,2,3,4,2,3,4,3,4,3,2,3,4,3,0,2,3,4,3,2,3,4,3,3,4,2,4,3,2,4,3,4,2,3,4,3,4,2,3,4,4,633473
"459","ptZeiguy48WjP56",29,"female","1",16,"deck4","deck1","P-NP",82,952.000000048429,15,"parity",7,69,22.000000346452,"good",5,1,"Look ","no",6,7,8,6,7,8,2,3,4,4,3,2,3,4,2,3,4,3,4,3,2,3,4,3,0,2,3,4,3,2,3,4,3,3,4,2,4,3,2,4,3,4,2,3,4,3,4,2,3,4,4,633997
"460","ptZeiguy48WjP56",29,"female","1",16,"deck4","deck1","P-NP",82,952.000000048429,16,"parity",9,69,30.9999999590218,"good",5,1,"Look ","no",6,7,8,6,7,8,2,3,4,4,3,2,3,4,2,3,4,3,4,3,2,3,4,3,0,2,3,4,3,2,3,4,3,3,4,2,4,3,2,4,3,4,2,3,4,3,4,2,3,4,4,634562
"461","ptZeiguy48WjP56",29,"female","1",16,"deck4","deck1","P-NP",82,952.000000048429,17,"parity",7,73,152.000000234693,"good",5,1,"Look ","no",6,7,8,6,7,8,2,3,4,4,3,2,3,4,2,3,4,3,4,3,2,3,4,3,0,2,3,4,3,2,3,4,3,3,4,2,4,3,2,4,3,4,2,3,4,3,4,2,3,4,4,635214
"462","ptZeiguy48WjP56",29,"female","1",16,"deck4","deck1","P-NP",82,952.000000048429,18,"parity",6,73,20.0000000186265,"good",5,1,"Look ","no",6,7,8,6,7,8,2,3,4,4,3,2,3,4,2,3,4,3,4,3,2,3,4,3,0,2,3,4,3,2,3,4,3,3,4,2,4,3,2,4,3,4,2,3,4,3,4,2,3,4,4,635737
"463","ptZeiguy48WjP56",29,"female","1",16,"deck4","deck1","P-NP",82,952.000000048429,19,"parity",1,73,16.9999999925494,"good",5,1,"Look ","no",6,7,8,6,7,8,2,3,4,4,3,2,3,4,2,3,4,3,4,3,2,3,4,3,0,2,3,4,3,2,3,4,3,3,4,2,4,3,2,4,3,4,2,3,4,3,4,2,3,4,4,636256
"464","ptZeiguy48WjP56",29,"female","1",17,"deck2","deck3","NP-NP",82,759.000000078231,1,"parity",1,69,57.0000000298023,"good",5,1,"Look ","no",6,7,8,6,7,8,2,3,4,4,3,2,3,4,2,3,4,3,4,3,2,3,4,3,0,2,3,4,3,2,3,4,3,3,4,2,4,3,2,4,3,4,2,3,4,3,4,2,3,4,4,638584
"465","ptZeiguy48WjP56",29,"female","1",17,"deck2","deck3","NP-NP",82,759.000000078231,2,"magnitude",2,73,112.999999895692,"good",5,1,"Look ","no",6,7,8,6,7,8,2,3,4,4,3,2,3,4,2,3,4,3,4,3,2,3,4,3,0,2,3,4,3,2,3,4,3,3,4,2,4,3,2,4,3,4,2,3,4,3,4,2,3,4,4,639200
"466","ptZeiguy48WjP56",29,"female","1",17,"deck2","deck3","NP-NP",82,759.000000078231,3,"parity",8,69,179.999999701977,"good",5,1,"Look ","no",6,7,8,6,7,8,2,3,4,4,3,2,3,4,2,3,4,3,4,3,2,3,4,3,0,2,3,4,3,2,3,4,3,3,4,2,4,3,2,4,3,4,2,3,4,3,4,2,3,4,4,639884
"467","ptZeiguy48WjP56",29,"female","1",17,"deck2","deck3","NP-NP",82,759.000000078231,4,"magnitude",3,69,15.9999998286366,"good",5,1,"Look ","no",6,7,8,6,7,8,2,3,4,4,3,2,3,4,2,3,4,3,4,3,2,3,4,3,0,2,3,4,3,2,3,4,3,3,4,2,4,3,2,4,3,4,2,3,4,3,4,2,3,4,4,640402
"468","ptZeiguy48WjP56",29,"female","1",17,"deck2","deck3","NP-NP",82,759.000000078231,5,"parity",3,73,13.9999999664724,"good",5,1,"Look ","no",6,7,8,6,7,8,2,3,4,4,3,2,3,4,2,3,4,3,4,3,2,3,4,3,0,2,3,4,3,2,3,4,3,3,4,2,4,3,2,4,3,4,2,3,4,3,4,2,3,4,4,640917
"469","ptZeiguy48WjP56",29,"female","1",17,"deck2","deck3","NP-NP",82,759.000000078231,6,"magnitude",8,73,81.9999999366701,"good",5,1,"Look ","no",6,7,8,6,7,8,2,3,4,4,3,2,3,4,2,3,4,3,4,3,2,3,4,3,0,2,3,4,3,2,3,4,3,3,4,2,4,3,2,4,3,4,2,3,4,3,4,2,3,4,4,641501
"470","ptZeiguy48WjP56",29,"female","1",17,"deck2","deck3","NP-NP",82,759.000000078231,7,"parity",4,73,57.9999997280538,"good",5,1,"Look ","no",6,7,8,6,7,8,2,3,4,4,3,2,3,4,2,3,4,3,4,3,2,3,4,3,0,2,3,4,3,2,3,4,3,3,4,2,4,3,2,4,3,4,2,3,4,3,4,2,3,4,4,642062
"471","ptZeiguy48WjP56",29,"female","1",17,"deck2","deck3","NP-NP",82,759.000000078231,8,"magnitude",6,73,120.99999981001,"good",5,1,"Look ","no",6,7,8,6,7,8,2,3,4,4,3,2,3,4,2,3,4,3,4,3,2,3,4,3,0,2,3,4,3,2,3,4,3,3,4,2,4,3,2,4,3,4,2,3,4,3,4,2,3,4,4,642685
"472","ptZeiguy48WjP56",29,"female","1",17,"deck2","deck3","NP-NP",82,759.000000078231,9,"parity",7,69,146.000000182539,"good",5,1,"Look ","no",6,7,8,6,7,8,2,3,4,4,3,2,3,4,2,3,4,3,4,3,2,3,4,3,0,2,3,4,3,2,3,4,3,3,4,2,4,3,2,4,3,4,2,3,4,3,4,2,3,4,4,643334
"473","ptZeiguy48WjP56",29,"female","1",17,"deck2","deck3","NP-NP",82,759.000000078231,10,"magnitude",7,69,44.9999999254942,"good",5,1,"Look ","no",6,7,8,6,7,8,2,3,4,4,3,2,3,4,2,3,4,3,4,3,2,3,4,3,0,2,3,4,3,2,3,4,3,3,4,2,4,3,2,4,3,4,2,3,4,3,4,2,3,4,4,643880
"474","ptZeiguy48WjP56",29,"female","1",17,"deck2","deck3","NP-NP",82,759.000000078231,11,"parity",3,69,214.000000152737,"good",5,1,"Look ","no",6,7,8,6,7,8,2,3,4,4,3,2,3,4,2,3,4,3,4,3,2,3,4,3,0,2,3,4,3,2,3,4,3,3,4,2,4,3,2,4,3,4,2,3,4,3,4,2,3,4,4,644597
"475","ptZeiguy48WjP56",29,"female","1",17,"deck2","deck3","NP-NP",82,759.000000078231,12,"parity",4,73,197.999999858439,"good",5,1,"Look ","no",6,7,8,6,7,8,2,3,4,4,3,2,3,4,2,3,4,3,4,3,2,3,4,3,0,2,3,4,3,2,3,4,3,3,4,2,4,3,2,4,3,4,2,3,4,3,4,2,3,4,4,645296
"476","ptZeiguy48WjP56",29,"female","1",17,"deck2","deck3","NP-NP",82,759.000000078231,13,"magnitude",1,69,10.0000002421439,"good",5,1,"Look ","no",6,7,8,6,7,8,2,3,4,4,3,2,3,4,2,3,4,3,4,3,2,3,4,3,0,2,3,4,3,2,3,4,3,3,4,2,4,3,2,4,3,4,2,3,4,3,4,2,3,4,4,645806
"477","ptZeiguy48WjP56",29,"female","1",17,"deck2","deck3","NP-NP",82,759.000000078231,14,"parity",1,69,121.000000275671,"good",5,1,"Look ","no",6,7,8,6,7,8,2,3,4,4,3,2,3,4,2,3,4,3,4,3,2,3,4,3,0,2,3,4,3,2,3,4,3,3,4,2,4,3,2,4,3,4,2,3,4,3,4,2,3,4,4,646430
"478","ptZeiguy48WjP56",29,"female","1",17,"deck2","deck3","NP-NP",82,759.000000078231,15,"magnitude",9,73,186.999999918044,"good",5,1,"Look ","no",6,7,8,6,7,8,2,3,4,4,3,2,3,4,2,3,4,3,4,3,2,3,4,3,0,2,3,4,3,2,3,4,3,3,4,2,4,3,2,4,3,4,2,3,4,3,4,2,3,4,4,647118
"479","ptZeiguy48WjP56",29,"female","1",18,"deck6","deck3","P-NP",82,6254.99999988824,1,"parity",2,69,184.999999590218,"good",5,1,"Look ","no",6,7,8,6,7,8,2,3,4,4,3,2,3,4,2,3,4,3,4,3,2,3,4,3,0,2,3,4,3,2,3,4,3,3,4,2,4,3,2,4,3,4,2,3,4,3,4,2,3,4,4,655063
"480","ptZeiguy48WjP56",29,"female","1",18,"deck6","deck3","P-NP",82,6254.99999988824,2,"magnitude",1,73,198.0000003241,"good",5,1,"Look ","no",6,7,8,6,7,8,2,3,4,4,3,2,3,4,2,3,4,3,4,3,2,3,4,3,0,2,3,4,3,2,3,4,3,3,4,2,4,3,2,4,3,4,2,3,4,3,4,2,3,4,4,655763
"481","ptZeiguy48WjP56",29,"female","1",18,"deck6","deck3","P-NP",82,6254.99999988824,3,"parity",4,69,61.9999999180436,"good",5,1,"Look ","no",6,7,8,6,7,8,2,3,4,4,3,2,3,4,2,3,4,3,4,3,2,3,4,3,0,2,3,4,3,2,3,4,3,3,4,2,4,3,2,4,3,4,2,3,4,3,4,2,3,4,4,656326
"482","ptZeiguy48WjP56",29,"female","1",18,"deck6","deck3","P-NP",82,6254.99999988824,4,"magnitude",9,73,115.999999921769,"good",5,1,"Look ","no",6,7,8,6,7,8,2,3,4,4,3,2,3,4,2,3,4,3,4,3,2,3,4,3,0,2,3,4,3,2,3,4,3,3,4,2,4,3,2,4,3,4,2,3,4,3,4,2,3,4,4,656943
"483","ptZeiguy48WjP56",29,"female","1",18,"deck6","deck3","P-NP",82,6254.99999988824,5,"parity",9,69,75.0000001862645,"good",5,1,"Look ","no",6,7,8,6,7,8,2,3,4,4,3,2,3,4,2,3,4,3,4,3,2,3,4,3,0,2,3,4,3,2,3,4,3,3,4,2,4,3,2,4,3,4,2,3,4,3,4,2,3,4,4,657520
"484","ptZeiguy48WjP56",29,"female","1",18,"deck6","deck3","P-NP",82,6254.99999988824,6,"parity",6,73,35.9999998472631,"good",5,1,"Look ","no",6,7,8,6,7,8,2,3,4,4,3,2,3,4,2,3,4,3,4,3,2,3,4,3,0,2,3,4,3,2,3,4,3,3,4,2,4,3,2,4,3,4,2,3,4,3,4,2,3,4,4,658059
"485","ptZeiguy48WjP56",29,"female","1",18,"deck6","deck3","P-NP",82,6254.99999988824,7,"magnitude",8,69,123.000000137836,"good",5,1,"Look ","no",6,7,8,6,7,8,2,3,4,4,3,2,3,4,2,3,4,3,4,3,2,3,4,3,0,2,3,4,3,2,3,4,3,3,4,2,4,3,2,4,3,4,2,3,4,3,4,2,3,4,4,658683
"486","ptZeiguy48WjP56",29,"female","1",18,"deck6","deck3","P-NP",82,6254.99999988824,8,"parity",1,73,60.0000000558794,"good",5,1,"Look ","no",6,7,8,6,7,8,2,3,4,4,3,2,3,4,2,3,4,3,4,3,2,3,4,3,0,2,3,4,3,2,3,4,3,3,4,2,4,3,2,4,3,4,2,3,4,3,4,2,3,4,4,659245
"487","ptZeiguy48WjP56",29,"female","1",18,"deck6","deck3","P-NP",82,6254.99999988824,9,"magnitude",8,69,61.9999999180436,"good",5,1,"Look ","no",6,7,8,6,7,8,2,3,4,4,3,2,3,4,2,3,4,3,4,3,2,3,4,3,0,2,3,4,3,2,3,4,3,3,4,2,4,3,2,4,3,4,2,3,4,3,4,2,3,4,4,659810
"488","ptZeiguy48WjP56",29,"female","1",18,"deck6","deck3","P-NP",82,6254.99999988824,10,"parity",3,69,3.00000002607703,"good",5,1,"Look ","no",6,7,8,6,7,8,2,3,4,4,3,2,3,4,2,3,4,3,4,3,2,3,4,3,0,2,3,4,3,2,3,4,3,3,4,2,4,3,2,4,3,4,2,3,4,3,4,2,3,4,4,660313
"489","ptZeiguy48WjP56",29,"female","1",18,"deck6","deck3","P-NP",82,6254.99999988824,11,"magnitude",7,73,64.0000002458692,"good",5,1,"Look ","no",6,7,8,6,7,8,2,3,4,4,3,2,3,4,2,3,4,3,4,3,2,3,4,3,0,2,3,4,3,2,3,4,3,3,4,2,4,3,2,4,3,4,2,3,4,3,4,2,3,4,4,660879
"490","ptZeiguy48WjP56",29,"female","1",18,"deck6","deck3","P-NP",82,6254.99999988824,12,"parity",2,69,98.9999999292195,"good",5,1,"Look ","no",6,7,8,6,7,8,2,3,4,4,3,2,3,4,2,3,4,3,4,3,2,3,4,3,0,2,3,4,3,2,3,4,3,3,4,2,4,3,2,4,3,4,2,3,4,3,4,2,3,4,4,661480
"491","ptZeiguy48WjP56",29,"female","1",18,"deck6","deck3","P-NP",82,6254.99999988824,13,"magnitude",9,69,7.00000021606684,"good",5,1,"Look ","no",6,7,8,6,7,8,2,3,4,4,3,2,3,4,2,3,4,3,4,3,2,3,4,3,0,2,3,4,3,2,3,4,3,3,4,2,4,3,2,4,3,4,2,3,4,3,4,2,3,4,4,661989
"492","ptZeiguy48WjP56",29,"female","1",18,"deck6","deck3","P-NP",82,6254.99999988824,14,"parity",6,73,29.999999795109,"good",5,1,"Look ","no",6,7,8,6,7,8,2,3,4,4,3,2,3,4,2,3,4,3,4,3,2,3,4,3,0,2,3,4,3,2,3,4,3,3,4,2,4,3,2,4,3,4,2,3,4,3,4,2,3,4,4,662528
"493","ptZeiguy48WjP56",29,"female","1",18,"deck6","deck3","P-NP",82,6254.99999988824,15,"parity",1,69,68.9999996684492,"good",5,1,"Look ","no",6,7,8,6,7,8,2,3,4,4,3,2,3,4,2,3,4,3,4,3,2,3,4,3,0,2,3,4,3,2,3,4,3,3,4,2,4,3,2,4,3,4,2,3,4,3,4,2,3,4,4,663098
"494","ptZeiguy48WjP56",29,"female","1",18,"deck6","deck3","P-NP",82,6254.99999988824,16,"magnitude",4,73,86.0000001266599,"good",5,1,"Look ","no",6,7,8,6,7,8,2,3,4,4,3,2,3,4,2,3,4,3,4,3,2,3,4,3,0,2,3,4,3,2,3,4,3,3,4,2,4,3,2,4,3,4,2,3,4,3,4,2,3,4,4,663685
"495","ptZeiguy48WjP56",29,"female","1",18,"deck6","deck3","P-NP",82,6254.99999988824,17,"parity",3,69,105.999999679625,"good",5,1,"Look ","no",6,7,8,6,7,8,2,3,4,4,3,2,3,4,2,3,4,3,4,3,2,3,4,3,0,2,3,4,3,2,3,4,3,3,4,2,4,3,2,4,3,4,2,3,4,3,4,2,3,4,4,664294
"496","ptZeiguy48WjP56",29,"female","1",18,"deck6","deck3","P-NP",82,6254.99999988824,18,"magnitude",7,73,64.0000002458692,"good",5,1,"Look ","no",6,7,8,6,7,8,2,3,4,4,3,2,3,4,2,3,4,3,4,3,2,3,4,3,0,2,3,4,3,2,3,4,3,3,4,2,4,3,2,4,3,4,2,3,4,3,4,2,3,4,4,664859
"497","ptZeiguy48WjP56",29,"female","1",18,"deck6","deck3","P-NP",82,6254.99999988824,19,"parity",9,69,58.9999998919666,"good",5,1,"Look ","no",6,7,8,6,7,8,2,3,4,4,3,2,3,4,2,3,4,3,4,3,2,3,4,3,0,2,3,4,3,2,3,4,3,3,4,2,4,3,2,4,3,4,2,3,4,3,4,2,3,4,4,665419
"498","ptZeiguy48WjP56",29,"female","1",18,"deck6","deck3","P-NP",82,6254.99999988824,20,"magnitude",7,73,81.0000002384186,"good",5,1,"Look ","no",6,7,8,6,7,8,2,3,4,4,3,2,3,4,2,3,4,3,4,3,2,3,4,3,0,2,3,4,3,2,3,4,3,3,4,2,4,3,2,4,3,4,2,3,4,3,4,2,3,4,4,666004
"499","ptZeiguy48WjP56",29,"female","1",18,"deck6","deck3","P-NP",82,6254.99999988824,21,"parity",2,69,70.9999999962747,"good",5,1,"Look ","no",6,7,8,6,7,8,2,3,4,4,3,2,3,4,2,3,4,3,4,3,2,3,4,3,0,2,3,4,3,2,3,4,3,3,4,2,4,3,2,4,3,4,2,3,4,3,4,2,3,4,4,666592
"500","ptZeiguy48WjP56",29,"female","1",19,"deck6","deck4","P-P",82,1478.00000011921,1,"magnitude",6,73,337.999999988824,"good",5,1,"Look ","no",6,7,8,6,7,8,2,3,4,4,3,2,3,4,2,3,4,3,4,3,2,3,4,3,0,2,3,4,3,2,3,4,3,3,4,2,4,3,2,4,3,4,2,3,4,3,4,2,3,4,4,669915
"501","ptZeiguy48WjP56",29,"female","1",19,"deck6","deck4","P-P",82,1478.00000011921,2,"magnitude",3,73,79.0000003762543,"good",5,1,"Look ","no",6,7,8,6,7,8,2,3,4,4,3,2,3,4,2,3,4,3,4,3,2,3,4,3,0,2,3,4,3,2,3,4,3,3,4,2,4,3,2,4,3,4,2,3,4,3,4,2,3,4,4,670495
"502","ptZeiguy48WjP56",29,"female","1",19,"deck6","deck4","P-P",82,1478.00000011921,3,"magnitude",1,73,32.0000001229346,"good",5,1,"Look ","no",6,7,8,6,7,8,2,3,4,4,3,2,3,4,2,3,4,3,4,3,2,3,4,3,0,2,3,4,3,2,3,4,3,3,4,2,4,3,2,4,3,4,2,3,4,3,4,2,3,4,4,671035
"503","ptZeiguy48WjP56",29,"female","1",19,"deck6","deck4","P-P",82,1478.00000011921,4,"magnitude",6,73,43.0000000633299,"good",5,1,"Look ","no",6,7,8,6,7,8,2,3,4,4,3,2,3,4,2,3,4,3,4,3,2,3,4,3,0,2,3,4,3,2,3,4,3,3,4,2,4,3,2,4,3,4,2,3,4,3,4,2,3,4,4,671582
"504","ptZeiguy48WjP56",29,"female","1",19,"deck6","deck4","P-P",82,1478.00000011921,5,"magnitude",7,73,26.0000000707805,"good",5,1,"Look ","no",6,7,8,6,7,8,2,3,4,4,3,2,3,4,2,3,4,3,4,3,2,3,4,3,0,2,3,4,3,2,3,4,3,3,4,2,4,3,2,4,3,4,2,3,4,3,4,2,3,4,4,672110
"505","ptZeiguy48WjP56",29,"female","1",19,"deck6","deck4","P-P",82,1478.00000011921,6,"magnitude",1,73,175.999999977648,"good",5,1,"Look ","no",6,7,8,6,7,8,2,3,4,4,3,2,3,4,2,3,4,3,4,3,2,3,4,3,0,2,3,4,3,2,3,4,3,3,4,2,4,3,2,4,3,4,2,3,4,3,4,2,3,4,4,672791
"506","ptZeiguy48WjP56",29,"female","1",19,"deck6","deck4","P-P",82,1478.00000011921,7,"magnitude",4,73,209.999999962747,"good",5,1,"Look ","no",6,7,8,6,7,8,2,3,4,4,3,2,3,4,2,3,4,3,4,3,2,3,4,3,0,2,3,4,3,2,3,4,3,3,4,2,4,3,2,4,3,4,2,3,4,3,4,2,3,4,4,673503
"507","ptZeiguy48WjP56",29,"female","1",19,"deck6","deck4","P-P",82,1478.00000011921,8,"magnitude",6,73,146.999999880791,"good",5,1,"Look ","no",6,7,8,6,7,8,2,3,4,4,3,2,3,4,2,3,4,3,4,3,2,3,4,3,0,2,3,4,3,2,3,4,3,3,4,2,4,3,2,4,3,4,2,3,4,3,4,2,3,4,4,674151
"508","ptZeiguy48WjP56",29,"female","1",19,"deck6","deck4","P-P",82,1478.00000011921,9,"magnitude",6,73,237.999999895692,"good",5,1,"Look ","no",6,7,8,6,7,8,2,3,4,4,3,2,3,4,2,3,4,3,4,3,2,3,4,3,0,2,3,4,3,2,3,4,3,3,4,2,4,3,2,4,3,4,2,3,4,3,4,2,3,4,4,674892
"509","ptZeiguy48WjP56",29,"female","1",19,"deck6","deck4","P-P",82,1478.00000011921,10,"magnitude",8,73,319.00000013411,"good",5,1,"Look ","no",6,7,8,6,7,8,2,3,4,4,3,2,3,4,2,3,4,3,4,3,2,3,4,3,0,2,3,4,3,2,3,4,3,3,4,2,4,3,2,4,3,4,2,3,4,3,4,2,3,4,4,675714
"510","ptZeiguy48WjP56",29,"female","1",19,"deck6","deck4","P-P",82,1478.00000011921,11,"magnitude",4,73,183.000000193715,"good",5,1,"Look ","no",6,7,8,6,7,8,2,3,4,4,3,2,3,4,2,3,4,3,4,3,2,3,4,3,0,2,3,4,3,2,3,4,3,3,4,2,4,3,2,4,3,4,2,3,4,3,4,2,3,4,4,676398
"511","ptZeiguy48WjP56",29,"female","1",19,"deck6","deck4","P-P",82,1478.00000011921,12,"parity",9,73,229.999999981374,"good",5,1,"Look ","no",6,7,8,6,7,8,2,3,4,4,3,2,3,4,2,3,4,3,4,3,2,3,4,3,0,2,3,4,3,2,3,4,3,3,4,2,4,3,2,4,3,4,2,3,4,3,4,2,3,4,4,677134
"512","ptZeiguy48WjP56",29,"female","1",20,"deck3","deck6","P-NP",82,58.0000001937151,1,"magnitude",6,69,87.0000002905726,"good",5,1,"Look ","no",6,7,8,6,7,8,2,3,4,4,3,2,3,4,2,3,4,3,4,3,2,3,4,3,0,2,3,4,3,2,3,4,3,3,4,2,4,3,2,4,3,4,2,3,4,3,4,2,3,4,4,678788
"513","ptZeiguy48WjP56",29,"female","1",20,"deck3","deck6","P-NP",82,58.0000001937151,2,"parity",6,73,208.000000100583,"good",5,1,"Look ","no",6,7,8,6,7,8,2,3,4,4,3,2,3,4,2,3,4,3,4,3,2,3,4,3,0,2,3,4,3,2,3,4,3,3,4,2,4,3,2,4,3,4,2,3,4,3,4,2,3,4,4,679498
"514","ptZeiguy48WjP56",29,"female","1",20,"deck3","deck6","P-NP",82,58.0000001937151,3,"magnitude",6,73,145.999999716878,"good",5,1,"Look ","no",6,7,8,6,7,8,2,3,4,4,3,2,3,4,2,3,4,3,4,3,2,3,4,3,0,2,3,4,3,2,3,4,3,3,4,2,4,3,2,4,3,4,2,3,4,3,4,2,3,4,4,680144
"515","ptZeiguy48WjP56",29,"female","1",20,"deck3","deck6","P-NP",82,58.0000001937151,4,"parity",8,73,84.0000002644956,"good",5,1,"Look ","no",6,7,8,6,7,8,2,3,4,4,3,2,3,4,2,3,4,3,4,3,2,3,4,3,0,2,3,4,3,2,3,4,3,3,4,2,4,3,2,4,3,4,2,3,4,3,4,2,3,4,4,680733
"516","ptZeiguy48WjP56",29,"female","1",20,"deck3","deck6","P-NP",82,58.0000001937151,5,"magnitude",7,73,73.0000003241003,"good",5,1,"Look ","no",6,7,8,6,7,8,2,3,4,4,3,2,3,4,2,3,4,3,4,3,2,3,4,3,0,2,3,4,3,2,3,4,3,3,4,2,4,3,2,4,3,4,2,3,4,3,4,2,3,4,4,681320
"517","ptZeiguy48WjP56",29,"female","1",20,"deck3","deck6","P-NP",82,58.0000001937151,6,"parity",6,73,75.999999884516,"good",5,1,"Look ","no",6,7,8,6,7,8,2,3,4,4,3,2,3,4,2,3,4,3,4,3,2,3,4,3,0,2,3,4,3,2,3,4,3,3,4,2,4,3,2,4,3,4,2,3,4,3,4,2,3,4,4,681914
"518","ptZeiguy48WjP56",29,"female","1",20,"deck3","deck6","P-NP",82,58.0000001937151,7,"parity",1,73,131.000000052154,"good",5,1,"Look ","no",6,7,8,6,7,8,2,3,4,4,3,2,3,4,2,3,4,3,4,3,2,3,4,3,0,2,3,4,3,2,3,4,3,3,4,2,4,3,2,4,3,4,2,3,4,3,4,2,3,4,4,682546
"519","ptZeiguy48WjP56",29,"female","1",20,"deck3","deck6","P-NP",82,58.0000001937151,8,"magnitude",7,73,121.000000275671,"good",5,1,"Look ","no",6,7,8,6,7,8,2,3,4,4,3,2,3,4,2,3,4,3,4,3,2,3,4,3,0,2,3,4,3,2,3,4,3,3,4,2,4,3,2,4,3,4,2,3,4,3,4,2,3,4,4,683171
"520","ptZeiguy48WjP56",29,"female","1",21,"deck1","deck4","P-NP",82,219.99999973923,1,"magnitude",3,69,188.000000081956,"good",5,1,"Look ","no",6,7,8,6,7,8,2,3,4,4,3,2,3,4,2,3,4,3,4,3,2,3,4,3,0,2,3,4,3,2,3,4,3,3,4,2,4,3,2,4,3,4,2,3,4,3,4,2,3,4,4,685091
"521","ptZeiguy48WjP56",29,"female","1",21,"deck1","deck4","P-NP",82,219.99999973923,2,"magnitude",6,73,148.999999742955,"good",5,1,"Look ","no",6,7,8,6,7,8,2,3,4,4,3,2,3,4,2,3,4,3,4,3,2,3,4,3,0,2,3,4,3,2,3,4,3,3,4,2,4,3,2,4,3,4,2,3,4,3,4,2,3,4,4,685743
"522","ptZeiguy48WjP56",29,"female","1",21,"deck1","deck4","P-NP",82,219.99999973923,3,"magnitude",3,73,108.999999705702,"good",5,1,"Look ","no",6,7,8,6,7,8,2,3,4,4,3,2,3,4,2,3,4,3,4,3,2,3,4,3,0,2,3,4,3,2,3,4,3,3,4,2,4,3,2,4,3,4,2,3,4,3,4,2,3,4,4,686355
"523","ptZeiguy48WjP56",29,"female","1",21,"deck1","deck4","P-NP",82,219.99999973923,4,"magnitude",3,73,59.9999995902181,"good",5,1,"Look ","no",6,7,8,6,7,8,2,3,4,4,3,2,3,4,2,3,4,3,4,3,2,3,4,3,0,2,3,4,3,2,3,4,3,3,4,2,4,3,2,4,3,4,2,3,4,3,4,2,3,4,4,686921
"524","ptZeiguy48WjP56",29,"female","1",21,"deck1","deck4","P-NP",82,219.99999973923,5,"parity",2,69,46.9999997876585,"good",5,1,"Look ","no",6,7,8,6,7,8,2,3,4,4,3,2,3,4,2,3,4,3,4,3,2,3,4,3,0,2,3,4,3,2,3,4,3,3,4,2,4,3,2,4,3,4,2,3,4,3,4,2,3,4,4,687470
"525","ptZeiguy48WjP56",29,"female","1",21,"deck1","deck4","P-NP",82,219.99999973923,6,"parity",6,69,69.9999998323619,"good",5,1,"Look ","no",6,7,8,6,7,8,2,3,4,4,3,2,3,4,2,3,4,3,4,3,2,3,4,3,0,2,3,4,3,2,3,4,3,3,4,2,4,3,2,4,3,4,2,3,4,3,4,2,3,4,4,688042
"526","ptZeiguy48WjP56",29,"female","1",21,"deck1","deck4","P-NP",82,219.99999973923,7,"parity",6,73,141.999999992549,"good",5,1,"Look ","no",6,7,8,6,7,8,2,3,4,4,3,2,3,4,2,3,4,3,4,3,2,3,4,3,0,2,3,4,3,2,3,4,3,3,4,2,4,3,2,4,3,4,2,3,4,3,4,2,3,4,4,688687
"527","ptZeiguy48WjP56",29,"female","1",21,"deck1","deck4","P-NP",82,219.99999973923,8,"parity",2,69,45.0000003911555,"good",5,1,"Look ","no",6,7,8,6,7,8,2,3,4,4,3,2,3,4,2,3,4,3,4,3,2,3,4,3,0,2,3,4,3,2,3,4,3,3,4,2,4,3,2,4,3,4,2,3,4,3,4,2,3,4,4,689235
"528","ptZeiguy48WjP56",29,"female","1",21,"deck1","deck4","P-NP",82,219.99999973923,9,"parity",8,69,64.9999999441206,"good",5,1,"Look ","no",6,7,8,6,7,8,2,3,4,4,3,2,3,4,2,3,4,3,4,3,2,3,4,3,0,2,3,4,3,2,3,4,3,3,4,2,4,3,2,4,3,4,2,3,4,3,4,2,3,4,4,689816
"529","ptZeiguy48WjP56",29,"female","1",21,"deck1","deck4","P-NP",82,219.99999973923,10,"parity",4,73,62.0000003837049,"good",5,1,"Look ","no",6,7,8,6,7,8,2,3,4,4,3,2,3,4,2,3,4,3,4,3,2,3,4,3,0,2,3,4,3,2,3,4,3,3,4,2,4,3,2,4,3,4,2,3,4,3,4,2,3,4,4,690379
"530","ptZeiguy48WjP56",29,"female","1",21,"deck1","deck4","P-NP",82,219.99999973923,11,"parity",9,69,104.000000283122,"good",5,1,"Look ","no",6,7,8,6,7,8,2,3,4,4,3,2,3,4,2,3,4,3,4,3,2,3,4,3,0,2,3,4,3,2,3,4,3,3,4,2,4,3,2,4,3,4,2,3,4,3,4,2,3,4,4,690984
"531","ptZeiguy48WjP56",29,"female","1",21,"deck1","deck4","P-NP",82,219.99999973923,12,"parity",7,73,305.99999986589,"good",5,1,"Look ","no",6,7,8,6,7,8,2,3,4,4,3,2,3,4,2,3,4,3,4,3,2,3,4,3,0,2,3,4,3,2,3,4,3,3,4,2,4,3,2,4,3,4,2,3,4,3,4,2,3,4,4,691795
"532","ptZeiguy48WjP56",29,"female","1",21,"deck1","deck4","P-NP",82,219.99999973923,13,"parity",4,73,75.999999884516,"good",5,1,"Look ","no",6,7,8,6,7,8,2,3,4,4,3,2,3,4,2,3,4,3,4,3,2,3,4,3,0,2,3,4,3,2,3,4,3,3,4,2,4,3,2,4,3,4,2,3,4,3,4,2,3,4,4,692372
"533","ptZeiguy48WjP56",29,"female","1",21,"deck1","deck4","P-NP",82,219.99999973923,14,"parity",4,73,112.00000019744,"good",5,1,"Look ","no",6,7,8,6,7,8,2,3,4,4,3,2,3,4,2,3,4,3,4,3,2,3,4,3,0,2,3,4,3,2,3,4,3,3,4,2,4,3,2,4,3,4,2,3,4,3,4,2,3,4,4,692987
"534","ptZeiguy48WjP56",29,"female","1",21,"deck1","deck4","P-NP",82,219.99999973923,15,"parity",4,69,6.00000005215406,"good",5,1,"Look ","no",6,7,8,6,7,8,2,3,4,4,3,2,3,4,2,3,4,3,4,3,2,3,4,3,0,2,3,4,3,2,3,4,3,3,4,2,4,3,2,4,3,4,2,3,4,3,4,2,3,4,4,693502
"535","ptZeiguy48WjP56",29,"female","1",21,"deck1","deck4","P-NP",82,219.99999973923,16,"parity",1,69,162.000000011176,"good",5,1,"Look ","no",6,7,8,6,7,8,2,3,4,4,3,2,3,4,2,3,4,3,4,3,2,3,4,3,0,2,3,4,3,2,3,4,3,3,4,2,4,3,2,4,3,4,2,3,4,3,4,2,3,4,4,694169
"536","ptZeiguy48WjP56",29,"female","1",21,"deck1","deck4","P-NP",82,219.99999973923,17,"magnitude",3,73,202.000000048429,"good",5,1,"Look ","no",6,7,8,6,7,8,2,3,4,4,3,2,3,4,2,3,4,3,4,3,2,3,4,3,0,2,3,4,3,2,3,4,3,3,4,2,4,3,2,4,3,4,2,3,4,3,4,2,3,4,4,694874
"537","ptZeiguy48WjP56",29,"female","1",21,"deck1","deck4","P-NP",82,219.99999973923,18,"magnitude",3,73,146.000000182539,"good",5,1,"Look ","no",6,7,8,6,7,8,2,3,4,4,3,2,3,4,2,3,4,3,4,3,2,3,4,3,0,2,3,4,3,2,3,4,3,3,4,2,4,3,2,4,3,4,2,3,4,3,4,2,3,4,4,695527
"538","ptZeiguy48WjP56",29,"female","1",21,"deck1","deck4","P-NP",82,219.99999973923,19,"magnitude",3,69,211.999999824911,"good",5,1,"Look ","no",6,7,8,6,7,8,2,3,4,4,3,2,3,4,2,3,4,3,4,3,2,3,4,3,0,2,3,4,3,2,3,4,3,3,4,2,4,3,2,4,3,4,2,3,4,3,4,2,3,4,4,696241
"539","ptZeiguy48WjP56",29,"female","1",22,"deck3","deck2","NP-NP",82,484.999999869615,1,"magnitude",1,69,13.9999999664724,"good",5,1,"Look ","no",6,7,8,6,7,8,2,3,4,4,3,2,3,4,2,3,4,3,4,3,2,3,4,3,0,2,3,4,3,2,3,4,3,3,4,2,4,3,2,4,3,4,2,3,4,3,4,2,3,4,4,698253
"540","ptZeiguy48WjP56",29,"female","1",22,"deck3","deck2","NP-NP",82,484.999999869615,2,"magnitude",2,69,175.999999977648,"good",5,1,"Look ","no",6,7,8,6,7,8,2,3,4,4,3,2,3,4,2,3,4,3,4,3,2,3,4,3,0,2,3,4,3,2,3,4,3,3,4,2,4,3,2,4,3,4,2,3,4,3,4,2,3,4,4,698930
"541","ptZeiguy48WjP56",29,"female","1",22,"deck3","deck2","NP-NP",82,484.999999869615,3,"parity",9,69,23.999999742955,"good",5,1,"Look ","no",6,7,8,6,7,8,2,3,4,4,3,2,3,4,2,3,4,3,4,3,2,3,4,3,0,2,3,4,3,2,3,4,3,3,4,2,4,3,2,4,3,4,2,3,4,3,4,2,3,4,4,699456
"542","ptZeiguy48WjP56",29,"female","1",22,"deck3","deck2","NP-NP",82,484.999999869615,4,"parity",7,69,108.000000007451,"good",5,1,"Look ","no",6,7,8,6,7,8,2,3,4,4,3,2,3,4,2,3,4,3,4,3,2,3,4,3,0,2,3,4,3,2,3,4,3,3,4,2,4,3,2,4,3,4,2,3,4,3,4,2,3,4,4,700067
"543","ptZeiguy48WjP56",29,"female","1",22,"deck3","deck2","NP-NP",82,484.999999869615,5,"parity",4,73,44.0000002272427,"good",5,1,"Look ","no",6,7,8,6,7,8,2,3,4,4,3,2,3,4,2,3,4,3,4,3,2,3,4,3,0,2,3,4,3,2,3,4,3,3,4,2,4,3,2,4,3,4,2,3,4,3,4,2,3,4,4,700613
"544","ptZeiguy48WjP56",29,"female","1",22,"deck3","deck2","NP-NP",82,484.999999869615,6,"magnitude",3,69,132.000000216067,"good",5,1,"Look ","no",6,7,8,6,7,8,2,3,4,4,3,2,3,4,2,3,4,3,4,3,2,3,4,3,0,2,3,4,3,2,3,4,3,3,4,2,4,3,2,4,3,4,2,3,4,3,4,2,3,4,4,701247
"545","ptZeiguy48WjP56",29,"female","1",22,"deck3","deck2","NP-NP",82,484.999999869615,7,"magnitude",8,69,33.9999999850988,"good",5,1,"Look ","no",6,7,8,6,7,8,2,3,4,4,3,2,3,4,2,3,4,3,4,3,2,3,4,3,0,2,3,4,3,2,3,4,3,3,4,2,4,3,2,4,3,4,2,3,4,3,4,2,3,4,4,701784
"546","ptZeiguy48WjP56",29,"female","1",22,"deck3","deck2","NP-NP",82,484.999999869615,8,"magnitude",3,69,60.0000000558794,"good",5,1,"Look ","no",6,7,8,6,7,8,2,3,4,4,3,2,3,4,2,3,4,3,4,3,2,3,4,3,0,2,3,4,3,2,3,4,3,3,4,2,4,3,2,4,3,4,2,3,4,3,4,2,3,4,4,702347
"547","ptZeiguy48WjP56",29,"female","1",22,"deck3","deck2","NP-NP",82,484.999999869615,9,"magnitude",1,69,12.9999998025596,"good",5,1,"Look ","no",6,7,8,6,7,8,2,3,4,4,3,2,3,4,2,3,4,3,4,3,2,3,4,3,0,2,3,4,3,2,3,4,3,3,4,2,4,3,2,4,3,4,2,3,4,3,4,2,3,4,4,702860
"548","ptZeiguy48WjP56",29,"female","1",22,"deck3","deck2","NP-NP",82,484.999999869615,10,"magnitude",4,69,10.0000002421439,"good",5,1,"Look ","no",6,7,8,6,7,8,2,3,4,4,3,2,3,4,2,3,4,3,4,3,2,3,4,3,0,2,3,4,3,2,3,4,3,3,4,2,4,3,2,4,3,4,2,3,4,3,4,2,3,4,4,703374
"549","ptZeiguy48WjP56",29,"female","1",22,"deck3","deck2","NP-NP",82,484.999999869615,11,"parity",6,69,103.000000119209,"good",5,1,"Look ","no",6,7,8,6,7,8,2,3,4,4,3,2,3,4,2,3,4,3,4,3,2,3,4,3,0,2,3,4,3,2,3,4,3,3,4,2,4,3,2,4,3,4,2,3,4,3,4,2,3,4,4,703982
"550","ptZeiguy48WjP56",29,"female","1",22,"deck3","deck2","NP-NP",82,484.999999869615,12,"magnitude",7,69,66.9999998062849,"good",5,1,"Look ","no",6,7,8,6,7,8,2,3,4,4,3,2,3,4,2,3,4,3,4,3,2,3,4,3,0,2,3,4,3,2,3,4,3,3,4,2,4,3,2,4,3,4,2,3,4,3,4,2,3,4,4,704552
"551","ptZeiguy48WjP56",29,"female","1",22,"deck3","deck2","NP-NP",82,484.999999869615,13,"parity",8,73,70.9999999962747,"good",5,1,"Look ","no",6,7,8,6,7,8,2,3,4,4,3,2,3,4,2,3,4,3,4,3,2,3,4,3,0,2,3,4,3,2,3,4,3,3,4,2,4,3,2,4,3,4,2,3,4,3,4,2,3,4,4,705126
"552","ptZeiguy48WjP56",29,"female","1",22,"deck3","deck2","NP-NP",82,484.999999869615,14,"magnitude",3,69,38.9999998733401,"good",5,1,"Look ","no",6,7,8,6,7,8,2,3,4,4,3,2,3,4,2,3,4,3,4,3,2,3,4,3,0,2,3,4,3,2,3,4,3,3,4,2,4,3,2,4,3,4,2,3,4,3,4,2,3,4,4,705673
"553","ptZeiguy48WjP56",29,"female","1",22,"deck3","deck2","NP-NP",82,484.999999869615,15,"parity",4,69,25.000000372529,"good",5,1,"Look ","no",6,7,8,6,7,8,2,3,4,4,3,2,3,4,2,3,4,3,4,3,2,3,4,3,0,2,3,4,3,2,3,4,3,3,4,2,4,3,2,4,3,4,2,3,4,3,4,2,3,4,4,706200
"554","ptZeiguy48WjP56",29,"female","1",22,"deck3","deck2","NP-NP",82,484.999999869615,16,"magnitude",7,69,43.0000000633299,"good",5,1,"Look ","no",6,7,8,6,7,8,2,3,4,4,3,2,3,4,2,3,4,3,4,3,2,3,4,3,0,2,3,4,3,2,3,4,3,3,4,2,4,3,2,4,3,4,2,3,4,3,4,2,3,4,4,706833
"555","ptZeiguy48WjP56",29,"female","1",22,"deck3","deck2","NP-NP",82,484.999999869615,17,"magnitude",1,69,134.000000078231,"good",5,1,"Look ","no",6,7,8,6,7,8,2,3,4,4,3,2,3,4,2,3,4,3,4,3,2,3,4,3,0,2,3,4,3,2,3,4,3,3,4,2,4,3,2,4,3,4,2,3,4,3,4,2,3,4,4,707468
"556","ptZeiguy48WjP56",29,"female","1",22,"deck3","deck2","NP-NP",82,484.999999869615,18,"parity",6,69,191.999999806285,"good",5,1,"Look ","no",6,7,8,6,7,8,2,3,4,4,3,2,3,4,2,3,4,3,4,3,2,3,4,3,0,2,3,4,3,2,3,4,3,3,4,2,4,3,2,4,3,4,2,3,4,3,4,2,3,4,4,708162
"557","ptZeiguy48WjP56",29,"female","1",22,"deck3","deck2","NP-NP",82,484.999999869615,19,"magnitude",9,69,84.9999999627471,"good",5,1,"Look ","no",6,7,8,6,7,8,2,3,4,4,3,2,3,4,2,3,4,3,4,3,2,3,4,3,0,2,3,4,3,2,3,4,3,3,4,2,4,3,2,4,3,4,2,3,4,3,4,2,3,4,4,708749
"558","ptZeiguy48WjP56",29,"female","1",22,"deck3","deck2","NP-NP",82,484.999999869615,20,"magnitude",3,69,154.999999795109,"good",5,1,"Look ","no",6,7,8,6,7,8,2,3,4,4,3,2,3,4,2,3,4,3,4,3,2,3,4,3,0,2,3,4,3,2,3,4,3,3,4,2,4,3,2,4,3,4,2,3,4,3,4,2,3,4,4,709419
"559","ptZeiguy48WjP56",29,"female","1",22,"deck3","deck2","NP-NP",82,484.999999869615,21,"magnitude",1,73,128.000000026077,"good",5,1,"Look ","no",6,7,8,6,7,8,2,3,4,4,3,2,3,4,2,3,4,3,4,3,2,3,4,3,0,2,3,4,3,2,3,4,3,3,4,2,4,3,2,4,3,4,2,3,4,3,4,2,3,4,4,710050
"560","ptZeiguy48WjP56",29,"female","1",23,"deck3","deck4","P-NP",82,1189.00000024587,1,"parity",8,73,120.000000111759,"good",5,1,"Look ","no",6,7,8,6,7,8,2,3,4,4,3,2,3,4,2,3,4,3,4,3,2,3,4,3,0,2,3,4,3,2,3,4,3,3,4,2,4,3,2,4,3,4,2,3,4,3,4,2,3,4,4,712870
"561","ptZeiguy48WjP56",29,"female","1",23,"deck3","deck4","P-NP",82,1189.00000024587,2,"magnitude",7,73,101.000000257045,"good",5,1,"Look ","no",6,7,8,6,7,8,2,3,4,4,3,2,3,4,2,3,4,3,4,3,2,3,4,3,0,2,3,4,3,2,3,4,3,3,4,2,4,3,2,4,3,4,2,3,4,3,4,2,3,4,4,713472
"562","ptZeiguy48WjP56",29,"female","1",23,"deck3","deck4","P-NP",82,1189.00000024587,3,"magnitude",6,69,162.000000011176,"good",5,1,"Look ","no",6,7,8,6,7,8,2,3,4,4,3,2,3,4,2,3,4,3,4,3,2,3,4,3,0,2,3,4,3,2,3,4,3,3,4,2,4,3,2,4,3,4,2,3,4,3,4,2,3,4,4,714137
"563","ptZeiguy48WjP56",29,"female","1",23,"deck3","deck4","P-NP",82,1189.00000024587,4,"magnitude",9,69,78.0000002123415,"good",5,1,"Look ","no",6,7,8,6,7,8,2,3,4,4,3,2,3,4,2,3,4,3,4,3,2,3,4,3,0,2,3,4,3,2,3,4,3,3,4,2,4,3,2,4,3,4,2,3,4,3,4,2,3,4,4,714716
"564","ptZeiguy48WjP56",29,"female","1",23,"deck3","deck4","P-NP",82,1189.00000024587,5,"magnitude",7,73,18.9999998547137,"good",5,1,"Look ","no",6,7,8,6,7,8,2,3,4,4,3,2,3,4,2,3,4,3,4,3,2,3,4,3,0,2,3,4,3,2,3,4,3,3,4,2,4,3,2,4,3,4,2,3,4,3,4,2,3,4,4,715236
"565","ptZeiguy48WjP56",29,"female","1",23,"deck3","deck4","P-NP",82,1189.00000024587,6,"magnitude",3,69,89.9999998509884,"good",5,1,"Look ","no",6,7,8,6,7,8,2,3,4,4,3,2,3,4,2,3,4,3,4,3,2,3,4,3,0,2,3,4,3,2,3,4,3,3,4,2,4,3,2,4,3,4,2,3,4,3,4,2,3,4,4,715835
"566","ptZeiguy48WjP56",29,"female","1",23,"deck3","deck4","P-NP",82,1189.00000024587,7,"magnitude",7,69,140.000000130385,"good",5,1,"Look ","no",6,7,8,6,7,8,2,3,4,4,3,2,3,4,2,3,4,3,4,3,2,3,4,3,0,2,3,4,3,2,3,4,3,3,4,2,4,3,2,4,3,4,2,3,4,3,4,2,3,4,4,716477
"567","ptZeiguy48WjP56",29,"female","1",23,"deck3","deck4","P-NP",82,1189.00000024587,8,"magnitude",2,73,61.9999999180436,"good",5,1,"Look ","no",6,7,8,6,7,8,2,3,4,4,3,2,3,4,2,3,4,3,4,3,2,3,4,3,0,2,3,4,3,2,3,4,3,3,4,2,4,3,2,4,3,4,2,3,4,3,4,2,3,4,4,717040
"568","ptZeiguy48WjP56",29,"female","1",24,"deck4","deck6","P-P",82,483.000000007451,1,"parity",6,73,60.0000000558794,"good",5,1,"Look ","no",6,7,8,6,7,8,2,3,4,4,3,2,3,4,2,3,4,3,4,3,2,3,4,3,0,2,3,4,3,2,3,4,3,3,4,2,4,3,2,4,3,4,2,3,4,3,4,2,3,4,4,719127
"569","ptZeiguy48WjP56",29,"female","1",24,"deck4","deck6","P-P",82,483.000000007451,2,"magnitude",9,73,60.9999997541308,"good",5,1,"Look ","no",6,7,8,6,7,8,2,3,4,4,3,2,3,4,2,3,4,3,4,3,2,3,4,3,0,2,3,4,3,2,3,4,3,3,4,2,4,3,2,4,3,4,2,3,4,3,4,2,3,4,4,719691
"570","ptZeiguy48WjP56",29,"female","1",24,"deck4","deck6","P-P",82,483.000000007451,3,"parity",2,73,132.999999914318,"good",5,1,"Look ","no",6,7,8,6,7,8,2,3,4,4,3,2,3,4,2,3,4,3,4,3,2,3,4,3,0,2,3,4,3,2,3,4,3,3,4,2,4,3,2,4,3,4,2,3,4,3,4,2,3,4,4,720325
"571","ptZeiguy48WjP56",29,"female","1",24,"deck4","deck6","P-P",82,483.000000007451,4,"magnitude",9,73,175.000000279397,"good",5,1,"Look ","no",6,7,8,6,7,8,2,3,4,4,3,2,3,4,2,3,4,3,4,3,2,3,4,3,0,2,3,4,3,2,3,4,3,3,4,2,4,3,2,4,3,4,2,3,4,3,4,2,3,4,4,721003
"572","ptZeiguy48WjP56",29,"female","1",24,"deck4","deck6","P-P",82,483.000000007451,5,"parity",8,69,84.9999999627471,"good",5,1,"Look ","no",6,7,8,6,7,8,2,3,4,4,3,2,3,4,2,3,4,3,4,3,2,3,4,3,0,2,3,4,3,2,3,4,3,3,4,2,4,3,2,4,3,4,2,3,4,3,4,2,3,4,4,721589
"573","ptZeiguy48WjP56",29,"female","1",24,"deck4","deck6","P-P",82,483.000000007451,6,"magnitude",1,69,79.9999996088445,"good",5,1,"Look ","no",6,7,8,6,7,8,2,3,4,4,3,2,3,4,2,3,4,3,4,3,2,3,4,3,0,2,3,4,3,2,3,4,3,3,4,2,4,3,2,4,3,4,2,3,4,3,4,2,3,4,4,722171
"574","ptZeiguy48WjP56",29,"female","1",24,"deck4","deck6","P-P",82,483.000000007451,7,"parity",9,73,112.00000019744,"good",5,1,"Look ","no",6,7,8,6,7,8,2,3,4,4,3,2,3,4,2,3,4,3,4,3,2,3,4,3,0,2,3,4,3,2,3,4,3,3,4,2,4,3,2,4,3,4,2,3,4,3,4,2,3,4,4,722784
"575","ptZeiguy48WjP56",29,"female","1",24,"deck4","deck6","P-P",82,483.000000007451,8,"parity",8,69,16.9999999925494,"good",5,1,"Look ","no",6,7,8,6,7,8,2,3,4,4,3,2,3,4,2,3,4,3,4,3,2,3,4,3,0,2,3,4,3,2,3,4,3,3,4,2,4,3,2,4,3,4,2,3,4,3,4,2,3,4,4,723304
"576","ptZeiguy48WjP56",29,"female","1",24,"deck4","deck6","P-P",82,483.000000007451,9,"magnitude",6,69,171.000000089407,"good",5,1,"Look ","no",6,7,8,6,7,8,2,3,4,4,3,2,3,4,2,3,4,3,4,3,2,3,4,3,0,2,3,4,3,2,3,4,3,3,4,2,4,3,2,4,3,4,2,3,4,3,4,2,3,4,4,723979
"577","ptZeiguy48WjP56",29,"female","1",24,"deck4","deck6","P-P",82,483.000000007451,10,"parity",2,73,143.000000156462,"good",5,1,"Look ","no",6,7,8,6,7,8,2,3,4,4,3,2,3,4,2,3,4,3,4,3,2,3,4,3,0,2,3,4,3,2,3,4,3,3,4,2,4,3,2,4,3,4,2,3,4,3,4,2,3,4,4,724631
"578","ptZeiguy48WjP56",29,"female","1",24,"deck4","deck6","P-P",82,483.000000007451,11,"magnitude",4,69,100.999999791384,"good",5,1,"Look ","no",6,7,8,6,7,8,2,3,4,4,3,2,3,4,2,3,4,3,4,3,2,3,4,3,0,2,3,4,3,2,3,4,3,3,4,2,4,3,2,4,3,4,2,3,4,3,4,2,3,4,4,725233
"579","ptZeiguy48WjP56",29,"female","1",24,"deck4","deck6","P-P",82,483.000000007451,12,"parity",2,69,4.99999988824129,"good",5,1,"Look ","no",6,7,8,6,7,8,2,3,4,4,3,2,3,4,2,3,4,3,4,3,2,3,4,3,0,2,3,4,3,2,3,4,3,3,4,2,4,3,2,4,3,4,2,3,4,3,4,2,3,4,4,725739
"580","ptZeiguy48WjP56",29,"female","1",24,"deck4","deck6","P-P",82,483.000000007451,13,"magnitude",8,69,9.0000000782311,"good",5,1,"Look ","no",6,7,8,6,7,8,2,3,4,4,3,2,3,4,2,3,4,3,4,3,2,3,4,3,0,2,3,4,3,2,3,4,3,3,4,2,4,3,2,4,3,4,2,3,4,3,4,2,3,4,4,726254
"581","ptZeiguy48WjP56",29,"female","1",24,"deck4","deck6","P-P",82,483.000000007451,14,"parity",4,69,201.999999582767,"good",5,1,"Look ","no",6,7,8,6,7,8,2,3,4,4,3,2,3,4,2,3,4,3,4,3,2,3,4,3,0,2,3,4,3,2,3,4,3,3,4,2,4,3,2,4,3,4,2,3,4,3,4,2,3,4,4,726958
"582","ptZeiguy48WjP56",29,"female","1",25,"deck1","deck3","NP-NP",82,449.000000022352,1,"parity",9,69,149.000000208616,"good",5,1,"Look ","no",6,7,8,6,7,8,2,3,4,4,3,2,3,4,2,3,4,3,4,3,2,3,4,3,0,2,3,4,3,2,3,4,3,3,4,2,4,3,2,4,3,4,2,3,4,3,4,2,3,4,4,729067
"583","ptZeiguy48WjP56",29,"female","1",25,"deck1","deck3","NP-NP",82,449.000000022352,2,"magnitude",8,69,166.000000201166,"good",5,1,"Look ","no",6,7,8,6,7,8,2,3,4,4,3,2,3,4,2,3,4,3,4,3,2,3,4,3,0,2,3,4,3,2,3,4,3,3,4,2,4,3,2,4,3,4,2,3,4,3,4,2,3,4,4,729735
"584","ptZeiguy48WjP56",29,"female","1",25,"deck1","deck3","NP-NP",82,449.000000022352,3,"magnitude",8,69,183.000000193715,"good",5,1,"Look ","no",6,7,8,6,7,8,2,3,4,4,3,2,3,4,2,3,4,3,4,3,2,3,4,3,0,2,3,4,3,2,3,4,3,3,4,2,4,3,2,4,3,4,2,3,4,3,4,2,3,4,4,730422
"585","ptZeiguy48WjP56",29,"female","1",25,"deck1","deck3","NP-NP",82,449.000000022352,4,"magnitude",6,69,165.999999735504,"good",5,1,"Look ","no",6,7,8,6,7,8,2,3,4,4,3,2,3,4,2,3,4,3,4,3,2,3,4,3,0,2,3,4,3,2,3,4,3,3,4,2,4,3,2,4,3,4,2,3,4,3,4,2,3,4,4,731091
"586","ptZeiguy48WjP56",29,"female","1",25,"deck1","deck3","NP-NP",82,449.000000022352,5,"parity",3,73,179.000000003725,"good",5,1,"Look ","no",6,7,8,6,7,8,2,3,4,4,3,2,3,4,2,3,4,3,4,3,2,3,4,3,0,2,3,4,3,2,3,4,3,3,4,2,4,3,2,4,3,4,2,3,4,3,4,2,3,4,4,731774
"587","ptZeiguy48WjP56",29,"female","1",25,"deck1","deck3","NP-NP",82,449.000000022352,6,"magnitude",4,69,66.0000001080334,"good",5,1,"Look ","no",6,7,8,6,7,8,2,3,4,4,3,2,3,4,2,3,4,3,4,3,2,3,4,3,0,2,3,4,3,2,3,4,3,3,4,2,4,3,2,4,3,4,2,3,4,3,4,2,3,4,4,732342
"588","ptZeiguy48WjP56",29,"female","1",25,"deck1","deck3","NP-NP",82,449.000000022352,7,"parity",3,73,58.9999998919666,"good",5,1,"Look ","no",6,7,8,6,7,8,2,3,4,4,3,2,3,4,2,3,4,3,4,3,2,3,4,3,0,2,3,4,3,2,3,4,3,3,4,2,4,3,2,4,3,4,2,3,4,3,4,2,3,4,4,732903
"589","ptZeiguy48WjP56",29,"female","1",25,"deck1","deck3","NP-NP",82,449.000000022352,8,"magnitude",2,69,15.9999998286366,"good",5,1,"Look ","no",6,7,8,6,7,8,2,3,4,4,3,2,3,4,2,3,4,3,4,3,2,3,4,3,0,2,3,4,3,2,3,4,3,3,4,2,4,3,2,4,3,4,2,3,4,3,4,2,3,4,4,733420
"590","ptZeiguy48WjP56",29,"female","1",25,"deck1","deck3","NP-NP",82,449.000000022352,9,"parity",2,69,78.0000002123415,"good",5,1,"Look ","no",6,7,8,6,7,8,2,3,4,4,3,2,3,4,2,3,4,3,4,3,2,3,4,3,0,2,3,4,3,2,3,4,3,3,4,2,4,3,2,4,3,4,2,3,4,3,4,2,3,4,4,734000
"591","ptZeiguy48WjP56",29,"female","1",25,"deck1","deck3","NP-NP",82,449.000000022352,10,"magnitude",4,73,40.9999997355044,"good",5,1,"Look ","no",6,7,8,6,7,8,2,3,4,4,3,2,3,4,2,3,4,3,4,3,2,3,4,3,0,2,3,4,3,2,3,4,3,3,4,2,4,3,2,4,3,4,2,3,4,3,4,2,3,4,4,734544
"592","ptZeiguy48WjP56",29,"female","1",25,"deck1","deck3","NP-NP",82,449.000000022352,11,"parity",1,69,63.0000000819564,"good",5,1,"Look ","no",6,7,8,6,7,8,2,3,4,4,3,2,3,4,2,3,4,3,4,3,2,3,4,3,0,2,3,4,3,2,3,4,3,3,4,2,4,3,2,4,3,4,2,3,4,3,4,2,3,4,4,735114
"593","ptZeiguy48WjP56",29,"female","1",25,"deck1","deck3","NP-NP",82,449.000000022352,12,"magnitude",1,73,124.000000301749,"good",5,1,"Look ","no",6,7,8,6,7,8,2,3,4,4,3,2,3,4,2,3,4,3,4,3,2,3,4,3,0,2,3,4,3,2,3,4,3,3,4,2,4,3,2,4,3,4,2,3,4,3,4,2,3,4,4,735740
"594","ptZeiguy48WjP56",29,"female","1",25,"deck1","deck3","NP-NP",82,449.000000022352,13,"parity",3,69,87.0000002905726,"good",5,1,"Look ","no",6,7,8,6,7,8,2,3,4,4,3,2,3,4,2,3,4,3,4,3,2,3,4,3,0,2,3,4,3,2,3,4,3,3,4,2,4,3,2,4,3,4,2,3,4,3,4,2,3,4,4,736331
"595","ptZeiguy48WjP56",29,"female","1",25,"deck1","deck3","NP-NP",82,449.000000022352,14,"magnitude",8,73,88.9999996870756,"good",5,1,"Look ","no",6,7,8,6,7,8,2,3,4,4,3,2,3,4,2,3,4,3,4,3,2,3,4,3,0,2,3,4,3,2,3,4,3,3,4,2,4,3,2,4,3,4,2,3,4,3,4,2,3,4,4,736924
"596","ptZeiguy48WjP56",29,"female","1",25,"deck1","deck3","NP-NP",82,449.000000022352,15,"parity",7,69,91.9999997131526,"good",5,1,"Look ","no",6,7,8,6,7,8,2,3,4,4,3,2,3,4,2,3,4,3,4,3,2,3,4,3,0,2,3,4,3,2,3,4,3,3,4,2,4,3,2,4,3,4,2,3,4,3,4,2,3,4,4,737520
"597","ptZeiguy48WjP56",29,"female","1",25,"deck1","deck3","NP-NP",82,449.000000022352,16,"magnitude",8,73,92.0000001788139,"good",5,1,"Look ","no",6,7,8,6,7,8,2,3,4,4,3,2,3,4,2,3,4,3,4,3,2,3,4,3,0,2,3,4,3,2,3,4,3,3,4,2,4,3,2,4,3,4,2,3,4,3,4,2,3,4,4,738115
"598","ptZeiguy48WjP56",29,"female","1",25,"deck1","deck3","NP-NP",82,449.000000022352,17,"parity",3,69,101.999999955297,"good",5,1,"Look ","no",6,7,8,6,7,8,2,3,4,4,3,2,3,4,2,3,4,3,4,3,2,3,4,3,0,2,3,4,3,2,3,4,3,3,4,2,4,3,2,4,3,4,2,3,4,3,4,2,3,4,4,738720
"599","ptZeiguy48WjP56",29,"female","1",25,"deck1","deck3","NP-NP",82,449.000000022352,18,"magnitude",2,73,70.9999999962747,"good",5,1,"Look ","no",6,7,8,6,7,8,2,3,4,4,3,2,3,4,2,3,4,3,4,3,2,3,4,3,0,2,3,4,3,2,3,4,3,3,4,2,4,3,2,4,3,4,2,3,4,3,4,2,3,4,4,739292
"600","ptZeiguy48WjP56",29,"female","1",26,"deck5","deck3","P-NP",82,11572.9999998584,1,"magnitude",7,73,154.999999795109,"good",5,1,"Look ","no",6,7,8,6,7,8,2,3,4,4,3,2,3,4,2,3,4,3,4,3,2,3,4,3,0,2,3,4,3,2,3,4,3,3,4,2,4,3,2,4,3,4,2,3,4,3,4,2,3,4,4,752529
"601","ptZeiguy48WjP56",29,"female","1",26,"deck5","deck3","P-NP",82,11572.9999998584,2,"parity",8,73,240.999999921769,"good",5,1,"Look ","no",6,7,8,6,7,8,2,3,4,4,3,2,3,4,2,3,4,3,4,3,2,3,4,3,0,2,3,4,3,2,3,4,3,3,4,2,4,3,2,4,3,4,2,3,4,3,4,2,3,4,4,753275
"602","ptZeiguy48WjP56",29,"female","1",26,"deck5","deck3","P-NP",82,11572.9999998584,3,"parity",9,73,16.0000002942979,"good",5,1,"Look ","no",6,7,8,6,7,8,2,3,4,4,3,2,3,4,2,3,4,3,4,3,2,3,4,3,0,2,3,4,3,2,3,4,3,3,4,2,4,3,2,4,3,4,2,3,4,3,4,2,3,4,4,753794
"603","ptZeiguy48WjP56",29,"female","1",26,"deck5","deck3","P-NP",82,11572.9999998584,4,"magnitude",8,73,15.0000001303852,"good",5,1,"Look ","no",6,7,8,6,7,8,2,3,4,4,3,2,3,4,2,3,4,3,4,3,2,3,4,3,0,2,3,4,3,2,3,4,3,3,4,2,4,3,2,4,3,4,2,3,4,3,4,2,3,4,4,754313
"604","ptZeiguy48WjP56",29,"female","1",26,"deck5","deck3","P-NP",82,11572.9999998584,5,"parity",9,73,10.0000002421439,"good",5,1,"Look ","no",6,7,8,6,7,8,2,3,4,4,3,2,3,4,2,3,4,3,4,3,2,3,4,3,0,2,3,4,3,2,3,4,3,3,4,2,4,3,2,4,3,4,2,3,4,3,4,2,3,4,4,754826
"605","ptZeiguy48WjP56",29,"female","1",26,"deck5","deck3","P-NP",82,11572.9999998584,6,"magnitude",6,73,10.9999999403954,"good",5,1,"Look ","no",6,7,8,6,7,8,2,3,4,4,3,2,3,4,2,3,4,3,4,3,2,3,4,3,0,2,3,4,3,2,3,4,3,3,4,2,4,3,2,4,3,4,2,3,4,3,4,2,3,4,4,755339
"606","ptZeiguy48WjP56",29,"female","1",26,"deck5","deck3","P-NP",82,11572.9999998584,7,"parity",6,73,26.999999769032,"good",5,1,"Look ","no",6,7,8,6,7,8,2,3,4,4,3,2,3,4,2,3,4,3,4,3,2,3,4,3,0,2,3,4,3,2,3,4,3,3,4,2,4,3,2,4,3,4,2,3,4,3,4,2,3,4,4,755866
"607","ptZeiguy48WjP56",29,"female","1",26,"deck5","deck3","P-NP",82,11572.9999998584,8,"magnitude",4,73,23.0000000447035,"good",5,1,"Look ","no",6,7,8,6,7,8,2,3,4,4,3,2,3,4,2,3,4,3,4,3,2,3,4,3,0,2,3,4,3,2,3,4,3,3,4,2,4,3,2,4,3,4,2,3,4,3,4,2,3,4,4,756390
"608","ptZeiguy48WjP56",29,"female","1",26,"deck5","deck3","P-NP",82,11572.9999998584,9,"parity",7,73,32.9999998211861,"good",5,1,"Look ","no",6,7,8,6,7,8,2,3,4,4,3,2,3,4,2,3,4,3,4,3,2,3,4,3,0,2,3,4,3,2,3,4,3,3,4,2,4,3,2,4,3,4,2,3,4,3,4,2,3,4,4,756924
"609","ptZeiguy48WjP56",29,"female","1",26,"deck5","deck3","P-NP",82,11572.9999998584,10,"magnitude",8,73,23.0000000447035,"good",5,1,"Look ","no",6,7,8,6,7,8,2,3,4,4,3,2,3,4,2,3,4,3,4,3,2,3,4,3,0,2,3,4,3,2,3,4,3,3,4,2,4,3,2,4,3,4,2,3,4,3,4,2,3,4,4,757450
"610","ptZeiguy48WjP56",29,"female","1",26,"deck5","deck3","P-NP",82,11572.9999998584,11,"parity",4,73,43.0000000633299,"good",5,1,"Look ","no",6,7,8,6,7,8,2,3,4,4,3,2,3,4,2,3,4,3,4,3,2,3,4,3,0,2,3,4,3,2,3,4,3,3,4,2,4,3,2,4,3,4,2,3,4,3,4,2,3,4,4,757995
"611","ptZeiguy48WjP56",29,"female","1",26,"deck5","deck3","P-NP",82,11572.9999998584,12,"magnitude",2,73,224.999999627471,"good",5,1,"Look ","no",6,7,8,6,7,8,2,3,4,4,3,2,3,4,2,3,4,3,4,3,2,3,4,3,0,2,3,4,3,2,3,4,3,3,4,2,4,3,2,4,3,4,2,3,4,3,4,2,3,4,4,758721
"612","ptZeiguy48WjP56",29,"female","1",26,"deck5","deck3","P-NP",82,11572.9999998584,13,"parity",4,73,18.0000001564622,"good",5,1,"Look ","no",6,7,8,6,7,8,2,3,4,4,3,2,3,4,2,3,4,3,4,3,2,3,4,3,0,2,3,4,3,2,3,4,3,3,4,2,4,3,2,4,3,4,2,3,4,3,4,2,3,4,4,759242
"613","ptZeiguy48WjP56",29,"female","1",26,"deck5","deck3","P-NP",82,11572.9999998584,14,"magnitude",9,73,11.0000004060566,"good",5,1,"Look ","no",6,7,8,6,7,8,2,3,4,4,3,2,3,4,2,3,4,3,4,3,2,3,4,3,0,2,3,4,3,2,3,4,3,3,4,2,4,3,2,4,3,4,2,3,4,3,4,2,3,4,4,759755
"614","ptZeiguy48WjP56",29,"female","1",26,"deck5","deck3","P-NP",82,11572.9999998584,15,"parity",3,73,24.9999999068677,"good",5,1,"Look ","no",6,7,8,6,7,8,2,3,4,4,3,2,3,4,2,3,4,3,4,3,2,3,4,3,0,2,3,4,3,2,3,4,3,3,4,2,4,3,2,4,3,4,2,3,4,3,4,2,3,4,4,760281
"615","ptZeiguy48WjP56",29,"female","1",27,"deck3","deck5","P-NP",82,756.000000052154,1,"parity",4,73,850.999999791384,"good",5,1,"Look ","no",6,7,8,6,7,8,2,3,4,4,3,2,3,4,2,3,4,3,4,3,2,3,4,3,0,2,3,4,3,2,3,4,3,3,4,2,4,3,2,4,3,4,2,3,4,3,4,2,3,4,4,763411
"616","ptZeiguy48WjP56",29,"female","1",27,"deck3","deck5","P-NP",82,756.000000052154,2,"parity",8,73,217.000000178814,"good",5,1,"Look ","no",6,7,8,6,7,8,2,3,4,4,3,2,3,4,2,3,4,3,4,3,2,3,4,3,0,2,3,4,3,2,3,4,3,3,4,2,4,3,2,4,3,4,2,3,4,3,4,2,3,4,4,764132
"617","ptZeiguy48WjP56",29,"female","1",27,"deck3","deck5","P-NP",82,756.000000052154,3,"parity",7,73,75.999999884516,"good",5,1,"Look ","no",6,7,8,6,7,8,2,3,4,4,3,2,3,4,2,3,4,3,4,3,2,3,4,3,0,2,3,4,3,2,3,4,3,3,4,2,4,3,2,4,3,4,2,3,4,3,4,2,3,4,4,764739
"618","ptZeiguy48WjP56",29,"female","1",27,"deck3","deck5","P-NP",82,756.000000052154,4,"magnitude",9,73,101.999999955297,"good",5,1,"Look ","no",6,7,8,6,7,8,2,3,4,4,3,2,3,4,2,3,4,3,4,3,2,3,4,3,0,2,3,4,3,2,3,4,3,3,4,2,4,3,2,4,3,4,2,3,4,3,4,2,3,4,4,765342
"619","ptZeiguy48WjP56",29,"female","1",27,"deck3","deck5","P-NP",82,756.000000052154,5,"magnitude",1,73,168.00000006333,"good",5,1,"Look ","no",6,7,8,6,7,8,2,3,4,4,3,2,3,4,2,3,4,3,4,3,2,3,4,3,0,2,3,4,3,2,3,4,3,3,4,2,4,3,2,4,3,4,2,3,4,3,4,2,3,4,4,766010
"620","ptZeiguy48WjP56",29,"female","1",27,"deck3","deck5","P-NP",82,756.000000052154,6,"parity",2,73,150.000000372529,"good",5,1,"Look ","no",6,7,8,6,7,8,2,3,4,4,3,2,3,4,2,3,4,3,4,3,2,3,4,3,0,2,3,4,3,2,3,4,3,3,4,2,4,3,2,4,3,4,2,3,4,3,4,2,3,4,4,766661
"621","ptZeiguy48WjP56",29,"female","1",27,"deck3","deck5","P-NP",82,756.000000052154,7,"parity",3,73,101.999999955297,"good",5,1,"Look ","no",6,7,8,6,7,8,2,3,4,4,3,2,3,4,2,3,4,3,4,3,2,3,4,3,0,2,3,4,3,2,3,4,3,3,4,2,4,3,2,4,3,4,2,3,4,3,4,2,3,4,4,767268
"622","ptZeiguy48WjP56",29,"female","1",27,"deck3","deck5","P-NP",82,756.000000052154,8,"parity",8,73,146.999999880791,"good",5,1,"Look ","no",6,7,8,6,7,8,2,3,4,4,3,2,3,4,2,3,4,3,4,3,2,3,4,3,0,2,3,4,3,2,3,4,3,3,4,2,4,3,2,4,3,4,2,3,4,3,4,2,3,4,4,767917
"623","ptZeiguy48WjP56",29,"female","1",27,"deck3","deck5","P-NP",82,756.000000052154,9,"parity",4,73,243.000000249594,"good",5,1,"Look ","no",6,7,8,6,7,8,2,3,4,4,3,2,3,4,2,3,4,3,4,3,2,3,4,3,0,2,3,4,3,2,3,4,3,3,4,2,4,3,2,4,3,4,2,3,4,3,4,2,3,4,4,768663
"624","ptZeiguy48WjP56",29,"female","1",27,"deck3","deck5","P-NP",82,756.000000052154,10,"magnitude",1,73,131.999999750406,"good",5,1,"Look ","no",6,7,8,6,7,8,2,3,4,4,3,2,3,4,2,3,4,3,4,3,2,3,4,3,0,2,3,4,3,2,3,4,3,3,4,2,4,3,2,4,3,4,2,3,4,3,4,2,3,4,4,769298
"625","ptZeiguy48WjP56",29,"female","1",27,"deck3","deck5","P-NP",82,756.000000052154,11,"parity",1,73,168.00000006333,"good",5,1,"Look ","no",6,7,8,6,7,8,2,3,4,4,3,2,3,4,2,3,4,3,4,3,2,3,4,3,0,2,3,4,3,2,3,4,3,3,4,2,4,3,2,4,3,4,2,3,4,3,4,2,3,4,4,769969
"626","ptZeiguy48WjP56",29,"female","1",27,"deck3","deck5","P-NP",82,756.000000052154,12,"magnitude",3,73,122.999999672174,"good",5,1,"Look ","no",6,7,8,6,7,8,2,3,4,4,3,2,3,4,2,3,4,3,4,3,2,3,4,3,0,2,3,4,3,2,3,4,3,3,4,2,4,3,2,4,3,4,2,3,4,3,4,2,3,4,4,770596
"627","ptZeiguy48WjP56",29,"female","1",27,"deck3","deck5","P-NP",82,756.000000052154,13,"parity",4,73,197.000000160187,"good",5,1,"Look ","no",6,7,8,6,7,8,2,3,4,4,3,2,3,4,2,3,4,3,4,3,2,3,4,3,0,2,3,4,3,2,3,4,3,3,4,2,4,3,2,4,3,4,2,3,4,3,4,2,3,4,4,771294
"628","ptZeiguy48WjP56",29,"female","1",27,"deck3","deck5","P-NP",82,756.000000052154,14,"magnitude",1,73,162.000000011176,"good",5,1,"Look ","no",6,7,8,6,7,8,2,3,4,4,3,2,3,4,2,3,4,3,4,3,2,3,4,3,0,2,3,4,3,2,3,4,3,3,4,2,4,3,2,4,3,4,2,3,4,3,4,2,3,4,4,771959
"629","ptZeiguy48WjP56",29,"female","1",28,"deck1","deck6","P-NP",82,262.99999980256,1,"parity",8,73,197.000000160187,"good",5,1,"Look ","no",6,7,8,6,7,8,2,3,4,4,3,2,3,4,2,3,4,3,4,3,2,3,4,3,0,2,3,4,3,2,3,4,3,3,4,2,4,3,2,4,3,4,2,3,4,3,4,2,3,4,4,773928
"630","ptZeiguy48WjP56",29,"female","1",28,"deck1","deck6","P-NP",82,262.99999980256,2,"magnitude",2,73,157.000000122935,"good",5,1,"Look ","no",6,7,8,6,7,8,2,3,4,4,3,2,3,4,2,3,4,3,4,3,2,3,4,3,0,2,3,4,3,2,3,4,3,3,4,2,4,3,2,4,3,4,2,3,4,3,4,2,3,4,4,774589
"631","ptZeiguy48WjP56",29,"female","1",28,"deck1","deck6","P-NP",82,262.99999980256,3,"parity",1,73,170.999999623746,"good",5,1,"Look ","no",6,7,8,6,7,8,2,3,4,4,3,2,3,4,2,3,4,3,4,3,2,3,4,3,0,2,3,4,3,2,3,4,3,3,4,2,4,3,2,4,3,4,2,3,4,3,4,2,3,4,4,775262
"632","ptZeiguy48WjP56",29,"female","1",28,"deck1","deck6","P-NP",82,262.99999980256,4,"parity",9,69,97.0000000670552,"good",5,1,"Look ","no",6,7,8,6,7,8,2,3,4,4,3,2,3,4,2,3,4,3,4,3,2,3,4,3,0,2,3,4,3,2,3,4,3,3,4,2,4,3,2,4,3,4,2,3,4,3,4,2,3,4,4,775863
"633","ptZeiguy48WjP56",29,"female","1",28,"deck1","deck6","P-NP",82,262.99999980256,5,"magnitude",6,73,172.999999951571,"good",5,1,"Look ","no",6,7,8,6,7,8,2,3,4,4,3,2,3,4,2,3,4,3,4,3,2,3,4,3,0,2,3,4,3,2,3,4,3,3,4,2,4,3,2,4,3,4,2,3,4,3,4,2,3,4,4,776538
"634","ptZeiguy48WjP56",29,"female","1",28,"deck1","deck6","P-NP",82,262.99999980256,6,"parity",7,69,44.9999999254942,"good",5,1,"Look ","no",6,7,8,6,7,8,2,3,4,4,3,2,3,4,2,3,4,3,4,3,2,3,4,3,0,2,3,4,3,2,3,4,3,3,4,2,4,3,2,4,3,4,2,3,4,3,4,2,3,4,4,777086
"635","ptZeiguy48WjP56",29,"female","1",28,"deck1","deck6","P-NP",82,262.99999980256,7,"magnitude",2,69,135.999999940395,"good",5,1,"Look ","no",6,7,8,6,7,8,2,3,4,4,3,2,3,4,2,3,4,3,4,3,2,3,4,3,0,2,3,4,3,2,3,4,3,3,4,2,4,3,2,4,3,4,2,3,4,3,4,2,3,4,4,777723
"636","ptZeiguy48WjP56",29,"female","1",28,"deck1","deck6","P-NP",82,262.99999980256,8,"parity",9,69,243.999999947846,"good",5,1,"Look ","no",6,7,8,6,7,8,2,3,4,4,3,2,3,4,2,3,4,3,4,3,2,3,4,3,0,2,3,4,3,2,3,4,3,3,4,2,4,3,2,4,3,4,2,3,4,3,4,2,3,4,4,778472
"637","ptZeiguy48WjP56",29,"female","2",29,"deck2","deck5","P-NP",82,1351.9999999553,1,"parity",6,73,179.999999701977,"good",5,1,"Look ","no",6,7,8,6,7,8,2,3,4,4,3,2,3,4,2,3,4,3,4,3,2,3,4,3,0,2,3,4,3,2,3,4,3,3,4,2,4,3,2,4,3,4,2,3,4,3,4,2,3,4,4,781519
"638","ptZeiguy48WjP56",29,"female","2",29,"deck2","deck5","P-NP",82,1351.9999999553,2,"parity",3,73,17.9999996908009,"good",5,1,"Look ","no",6,7,8,6,7,8,2,3,4,4,3,2,3,4,2,3,4,3,4,3,2,3,4,3,0,2,3,4,3,2,3,4,3,3,4,2,4,3,2,4,3,4,2,3,4,3,4,2,3,4,4,782039
"639","ptZeiguy48WjP56",29,"female","2",29,"deck2","deck5","P-NP",82,1351.9999999553,3,"magnitude",4,69,77.9999997466803,"good",5,1,"Look ","no",6,7,8,6,7,8,2,3,4,4,3,2,3,4,2,3,4,3,4,3,2,3,4,3,0,2,3,4,3,2,3,4,3,3,4,2,4,3,2,4,3,4,2,3,4,3,4,2,3,4,4,782619
"640","ptZeiguy48WjP56",29,"female","2",29,"deck2","deck5","P-NP",82,1351.9999999553,4,"magnitude",2,73,172.999999951571,"good",5,1,"Look ","no",6,7,8,6,7,8,2,3,4,4,3,2,3,4,2,3,4,3,4,3,2,3,4,3,0,2,3,4,3,2,3,4,3,3,4,2,4,3,2,4,3,4,2,3,4,3,4,2,3,4,4,783296
"641","ptZeiguy48WjP56",29,"female","2",29,"deck2","deck5","P-NP",82,1351.9999999553,5,"parity",4,69,52.9999998398125,"good",5,1,"Look ","no",6,7,8,6,7,8,2,3,4,4,3,2,3,4,2,3,4,3,4,3,2,3,4,3,0,2,3,4,3,2,3,4,3,3,4,2,4,3,2,4,3,4,2,3,4,3,4,2,3,4,4,783850
"642","ptZeiguy48WjP56",29,"female","2",29,"deck2","deck5","P-NP",82,1351.9999999553,6,"parity",8,73,169.000000227243,"good",5,1,"Look ","no",6,7,8,6,7,8,2,3,4,4,3,2,3,4,2,3,4,3,4,3,2,3,4,3,0,2,3,4,3,2,3,4,3,3,4,2,4,3,2,4,3,4,2,3,4,3,4,2,3,4,4,784521
"643","ptZeiguy48WjP56",29,"female","2",29,"deck2","deck5","P-NP",82,1351.9999999553,7,"magnitude",4,69,152.999999932945,"good",5,1,"Look ","no",6,7,8,6,7,8,2,3,4,4,3,2,3,4,2,3,4,3,4,3,2,3,4,3,0,2,3,4,3,2,3,4,3,3,4,2,4,3,2,4,3,4,2,3,4,3,4,2,3,4,4,785179
"644","ptZeiguy48WjP56",29,"female","2",29,"deck2","deck5","P-NP",82,1351.9999999553,8,"parity",1,73,97.9999997653067,"good",5,1,"Look ","no",6,7,8,6,7,8,2,3,4,4,3,2,3,4,2,3,4,3,4,3,2,3,4,3,0,2,3,4,3,2,3,4,3,3,4,2,4,3,2,4,3,4,2,3,4,3,4,2,3,4,4,785778
"645","ptZeiguy48WjP56",29,"female","2",29,"deck2","deck5","P-NP",82,1351.9999999553,9,"magnitude",7,73,33.9999999850988,"good",5,1,"Look ","no",6,7,8,6,7,8,2,3,4,4,3,2,3,4,2,3,4,3,4,3,2,3,4,3,0,2,3,4,3,2,3,4,3,3,4,2,4,3,2,4,3,4,2,3,4,3,4,2,3,4,4,786314
"646","ptZeiguy48WjP56",29,"female","2",29,"deck2","deck5","P-NP",82,1351.9999999553,10,"parity",6,73,9.0000000782311,"good",5,1,"Look ","no",6,7,8,6,7,8,2,3,4,4,3,2,3,4,2,3,4,3,4,3,2,3,4,3,0,2,3,4,3,2,3,4,3,3,4,2,4,3,2,4,3,4,2,3,4,3,4,2,3,4,4,786828
"647","ptZeiguy48WjP56",29,"female","2",29,"deck2","deck5","P-NP",82,1351.9999999553,11,"parity",7,69,165.999999735504,"good",5,1,"Look ","no",6,7,8,6,7,8,2,3,4,4,3,2,3,4,2,3,4,3,4,3,2,3,4,3,0,2,3,4,3,2,3,4,3,3,4,2,4,3,2,4,3,4,2,3,4,3,4,2,3,4,4,787496
"648","ptZeiguy48WjP56",29,"female","2",29,"deck2","deck5","P-NP",82,1351.9999999553,12,"parity",7,73,26.999999769032,"good",5,1,"Look ","no",6,7,8,6,7,8,2,3,4,4,3,2,3,4,2,3,4,3,4,3,2,3,4,3,0,2,3,4,3,2,3,4,3,3,4,2,4,3,2,4,3,4,2,3,4,3,4,2,3,4,4,788036
"649","ptZeiguy48WjP56",29,"female","2",30,"deck5","deck6","P-P",82,1479.99999998137,1,"magnitude",8,73,70.9999999962747,"good",5,1,"Look ","no",6,7,8,6,7,8,2,3,4,4,3,2,3,4,2,3,4,3,4,3,2,3,4,3,0,2,3,4,3,2,3,4,3,3,4,2,4,3,2,4,3,4,2,3,4,3,4,2,3,4,4,791095
"650","ptZeiguy48WjP56",29,"female","2",30,"deck5","deck6","P-P",82,1479.99999998137,2,"parity",9,69,42.0000003650784,"good",5,1,"Look ","no",6,7,8,6,7,8,2,3,4,4,3,2,3,4,2,3,4,3,4,3,2,3,4,3,0,2,3,4,3,2,3,4,3,3,4,2,4,3,2,4,3,4,2,3,4,3,4,2,3,4,4,791637
"651","ptZeiguy48WjP56",29,"female","2",30,"deck5","deck6","P-P",82,1479.99999998137,3,"magnitude",3,69,132.000000216067,"good",5,1,"Look ","no",6,7,8,6,7,8,2,3,4,4,3,2,3,4,2,3,4,3,4,3,2,3,4,3,0,2,3,4,3,2,3,4,3,3,4,2,4,3,2,4,3,4,2,3,4,3,4,2,3,4,4,792272
"652","ptZeiguy48WjP56",29,"female","2",30,"deck5","deck6","P-P",82,1479.99999998137,4,"parity",9,69,125,"good",5,1,"Look ","no",6,7,8,6,7,8,2,3,4,4,3,2,3,4,2,3,4,3,4,3,2,3,4,3,0,2,3,4,3,2,3,4,3,3,4,2,4,3,2,4,3,4,2,3,4,3,4,2,3,4,4,792898
"653","ptZeiguy48WjP56",29,"female","2",30,"deck5","deck6","P-P",82,1479.99999998137,5,"magnitude",8,73,27.9999999329448,"good",5,1,"Look ","no",6,7,8,6,7,8,2,3,4,4,3,2,3,4,2,3,4,3,4,3,2,3,4,3,0,2,3,4,3,2,3,4,3,3,4,2,4,3,2,4,3,4,2,3,4,3,4,2,3,4,4,793428
"654","ptZeiguy48WjP56",29,"female","2",30,"deck5","deck6","P-P",82,1479.99999998137,6,"parity",3,69,41.0000002011657,"good",5,1,"Look ","no",6,7,8,6,7,8,2,3,4,4,3,2,3,4,2,3,4,3,4,3,2,3,4,3,0,2,3,4,3,2,3,4,3,3,4,2,4,3,2,4,3,4,2,3,4,3,4,2,3,4,4,793980
"655","ptZeiguy48WjP56",29,"female","2",30,"deck5","deck6","P-P",82,1479.99999998137,7,"magnitude",8,73,21.9999998807907,"good",5,1,"Look ","no",6,7,8,6,7,8,2,3,4,4,3,2,3,4,2,3,4,3,4,3,2,3,4,3,0,2,3,4,3,2,3,4,3,3,4,2,4,3,2,4,3,4,2,3,4,3,4,2,3,4,4,794505
"656","ptZeiguy48WjP56",29,"female","2",30,"deck5","deck6","P-P",82,1479.99999998137,8,"magnitude",2,69,69.9999998323619,"good",5,1,"Look ","no",6,7,8,6,7,8,2,3,4,4,3,2,3,4,2,3,4,3,4,3,2,3,4,3,0,2,3,4,3,2,3,4,3,3,4,2,4,3,2,4,3,4,2,3,4,3,4,2,3,4,4,795077
"657","ptZeiguy48WjP56",29,"female","2",30,"deck5","deck6","P-P",82,1479.99999998137,9,"parity",6,69,115.999999921769,"good",5,1,"Look ","no",6,7,8,6,7,8,2,3,4,4,3,2,3,4,2,3,4,3,4,3,2,3,4,3,0,2,3,4,3,2,3,4,3,3,4,2,4,3,2,4,3,4,2,3,4,3,4,2,3,4,4,795696
"658","ptZeiguy48WjP56",29,"female","2",30,"deck5","deck6","P-P",82,1479.99999998137,10,"magnitude",4,73,33.0000002868474,"good",5,1,"Look ","no",6,7,8,6,7,8,2,3,4,4,3,2,3,4,2,3,4,3,4,3,2,3,4,3,0,2,3,4,3,2,3,4,3,3,4,2,4,3,2,4,3,4,2,3,4,3,4,2,3,4,4,796231
"659","ptZeiguy48WjP56",29,"female","2",30,"deck5","deck6","P-P",82,1479.99999998137,11,"parity",8,69,36.0000003129244,"good",5,1,"Look ","no",6,7,8,6,7,8,2,3,4,4,3,2,3,4,2,3,4,3,4,3,2,3,4,3,0,2,3,4,3,2,3,4,3,3,4,2,4,3,2,4,3,4,2,3,4,3,4,2,3,4,4,796768
"660","ptZeiguy48WjP56",29,"female","2",30,"deck5","deck6","P-P",82,1479.99999998137,12,"magnitude",3,69,13.0000002682209,"good",5,1,"Look ","no",6,7,8,6,7,8,2,3,4,4,3,2,3,4,2,3,4,3,4,3,2,3,4,3,0,2,3,4,3,2,3,4,3,3,4,2,4,3,2,4,3,4,2,3,4,3,4,2,3,4,4,797285
"661","ptZeiguy48WjP56",29,"female","2",30,"deck5","deck6","P-P",82,1479.99999998137,13,"parity",3,73,118.999999947846,"good",5,1,"Look ","no",6,7,8,6,7,8,2,3,4,4,3,2,3,4,2,3,4,3,4,3,2,3,4,3,0,2,3,4,3,2,3,4,3,3,4,2,4,3,2,4,3,4,2,3,4,3,4,2,3,4,4,797907
"662","ptZeiguy48WjP56",29,"female","2",30,"deck5","deck6","P-P",82,1479.99999998137,14,"magnitude",7,69,60.9999997541308,"good",5,1,"Look ","no",6,7,8,6,7,8,2,3,4,4,3,2,3,4,2,3,4,3,4,3,2,3,4,3,0,2,3,4,3,2,3,4,3,3,4,2,4,3,2,4,3,4,2,3,4,3,4,2,3,4,4,798472
"663","ptZeiguy48WjP56",29,"female","2",30,"deck5","deck6","P-P",82,1479.99999998137,15,"parity",8,69,66.9999998062849,"good",5,1,"Look ","no",6,7,8,6,7,8,2,3,4,4,3,2,3,4,2,3,4,3,4,3,2,3,4,3,0,2,3,4,3,2,3,4,3,3,4,2,4,3,2,4,3,4,2,3,4,3,4,2,3,4,4,799044
"664","ptZeiguy48WjP56",29,"female","2",31,"deck3","deck2","NP-NP",82,427.999999839813,1,"magnitude",4,73,163.99999987334,"good",5,1,"Look ","no",6,7,8,6,7,8,2,3,4,4,3,2,3,4,2,3,4,3,4,3,2,3,4,3,0,2,3,4,3,2,3,4,3,3,4,2,4,3,2,4,3,4,2,3,4,3,4,2,3,4,4,801146
"665","ptZeiguy48WjP56",29,"female","2",31,"deck3","deck2","NP-NP",82,427.999999839813,2,"parity",3,69,7.00000021606684,"good",5,1,"Look ","no",6,7,8,6,7,8,2,3,4,4,3,2,3,4,2,3,4,3,4,3,2,3,4,3,0,2,3,4,3,2,3,4,3,3,4,2,4,3,2,4,3,4,2,3,4,3,4,2,3,4,4,801657
"666","ptZeiguy48WjP56",29,"female","2",31,"deck3","deck2","NP-NP",82,427.999999839813,3,"magnitude",4,69,46.9999997876585,"good",5,1,"Look ","no",6,7,8,6,7,8,2,3,4,4,3,2,3,4,2,3,4,3,4,3,2,3,4,3,0,2,3,4,3,2,3,4,3,3,4,2,4,3,2,4,3,4,2,3,4,3,4,2,3,4,4,802207
"667","ptZeiguy48WjP56",29,"female","2",31,"deck3","deck2","NP-NP",82,427.999999839813,4,"magnitude",1,73,70.9999999962747,"good",5,1,"Look ","no",6,7,8,6,7,8,2,3,4,4,3,2,3,4,2,3,4,3,4,3,2,3,4,3,0,2,3,4,3,2,3,4,3,3,4,2,4,3,2,4,3,4,2,3,4,3,4,2,3,4,4,802789
"668","ptZeiguy48WjP56",29,"female","2",31,"deck3","deck2","NP-NP",82,427.999999839813,5,"parity",2,69,56.0000003315508,"good",5,1,"Look ","no",6,7,8,6,7,8,2,3,4,4,3,2,3,4,2,3,4,3,4,3,2,3,4,3,0,2,3,4,3,2,3,4,3,3,4,2,4,3,2,4,3,4,2,3,4,3,4,2,3,4,4,803356
"669","ptZeiguy48WjP56",29,"female","2",31,"deck3","deck2","NP-NP",82,427.999999839813,6,"parity",8,73,145.000000018626,"good",5,1,"Look ","no",6,7,8,6,7,8,2,3,4,4,3,2,3,4,2,3,4,3,4,3,2,3,4,3,0,2,3,4,3,2,3,4,3,3,4,2,4,3,2,4,3,4,2,3,4,3,4,2,3,4,4,804007
"670","ptZeiguy48WjP56",29,"female","2",31,"deck3","deck2","NP-NP",82,427.999999839813,7,"parity",9,73,9.0000000782311,"good",5,1,"Look ","no",6,7,8,6,7,8,2,3,4,4,3,2,3,4,2,3,4,3,4,3,2,3,4,3,0,2,3,4,3,2,3,4,3,3,4,2,4,3,2,4,3,4,2,3,4,3,4,2,3,4,4,804519
"671","ptZeiguy48WjP56",29,"female","2",31,"deck3","deck2","NP-NP",82,427.999999839813,8,"magnitude",6,73,25.9999996051192,"good",5,1,"Look ","no",6,7,8,6,7,8,2,3,4,4,3,2,3,4,2,3,4,3,4,3,2,3,4,3,0,2,3,4,3,2,3,4,3,3,4,2,4,3,2,4,3,4,2,3,4,3,4,2,3,4,4,805047
"672","ptZeiguy48WjP56",29,"female","2",32,"deck5","deck2","P-NP",82,1996.99999997392,1,"parity",3,69,46.9999997876585,"good",5,1,"Look ","no",6,7,8,6,7,8,2,3,4,4,3,2,3,4,2,3,4,3,4,3,2,3,4,3,0,2,3,4,3,2,3,4,3,3,4,2,4,3,2,4,3,4,2,3,4,3,4,2,3,4,4,808602
"673","ptZeiguy48WjP56",29,"female","2",32,"deck5","deck2","P-NP",82,1996.99999997392,2,"magnitude",2,69,18.0000001564622,"good",5,1,"Look ","no",6,7,8,6,7,8,2,3,4,4,3,2,3,4,2,3,4,3,4,3,2,3,4,3,0,2,3,4,3,2,3,4,3,3,4,2,4,3,2,4,3,4,2,3,4,3,4,2,3,4,4,809122
"674","ptZeiguy48WjP56",29,"female","2",32,"deck5","deck2","P-NP",82,1996.99999997392,3,"parity",4,73,64.0000002458692,"good",5,1,"Look ","no",6,7,8,6,7,8,2,3,4,4,3,2,3,4,2,3,4,3,4,3,2,3,4,3,0,2,3,4,3,2,3,4,3,3,4,2,4,3,2,4,3,4,2,3,4,3,4,2,3,4,4,809689
"675","ptZeiguy48WjP56",29,"female","2",32,"deck5","deck2","P-NP",82,1996.99999997392,4,"magnitude",6,69,123.999999836087,"good",5,1,"Look ","no",6,7,8,6,7,8,2,3,4,4,3,2,3,4,2,3,4,3,4,3,2,3,4,3,0,2,3,4,3,2,3,4,3,3,4,2,4,3,2,4,3,4,2,3,4,3,4,2,3,4,4,810316
"676","ptZeiguy48WjP56",29,"female","2",32,"deck5","deck2","P-NP",82,1996.99999997392,5,"magnitude",7,69,13.9999999664724,"good",5,1,"Look ","no",6,7,8,6,7,8,2,3,4,4,3,2,3,4,2,3,4,3,4,3,2,3,4,3,0,2,3,4,3,2,3,4,3,3,4,2,4,3,2,4,3,4,2,3,4,3,4,2,3,4,4,810831
"677","ptZeiguy48WjP56",29,"female","2",32,"deck5","deck2","P-NP",82,1996.99999997392,6,"magnitude",7,73,41.0000002011657,"good",5,1,"Look ","no",6,7,8,6,7,8,2,3,4,4,3,2,3,4,2,3,4,3,4,3,2,3,4,3,0,2,3,4,3,2,3,4,3,3,4,2,4,3,2,4,3,4,2,3,4,3,4,2,3,4,4,811377
"678","ptZeiguy48WjP56",29,"female","2",32,"deck5","deck2","P-NP",82,1996.99999997392,7,"parity",6,73,146.999999880791,"good",5,1,"Look ","no",6,7,8,6,7,8,2,3,4,4,3,2,3,4,2,3,4,3,4,3,2,3,4,3,0,2,3,4,3,2,3,4,3,3,4,2,4,3,2,4,3,4,2,3,4,3,4,2,3,4,4,812026
"679","ptZeiguy48WjP56",29,"female","2",32,"deck5","deck2","P-NP",82,1996.99999997392,8,"parity",6,73,157.000000122935,"good",5,1,"Look ","no",6,7,8,6,7,8,2,3,4,4,3,2,3,4,2,3,4,3,4,3,2,3,4,3,0,2,3,4,3,2,3,4,3,3,4,2,4,3,2,4,3,4,2,3,4,3,4,2,3,4,4,812685
"680","ptZeiguy48WjP56",29,"female","2",32,"deck5","deck2","P-NP",82,1996.99999997392,9,"parity",4,73,19.000000320375,"good",5,1,"Look ","no",6,7,8,6,7,8,2,3,4,4,3,2,3,4,2,3,4,3,4,3,2,3,4,3,0,2,3,4,3,2,3,4,3,3,4,2,4,3,2,4,3,4,2,3,4,3,4,2,3,4,4,813205
"681","ptZeiguy48WjP56",29,"female","2",32,"deck5","deck2","P-NP",82,1996.99999997392,10,"magnitude",9,69,152.999999932945,"good",5,1,"Look ","no",6,7,8,6,7,8,2,3,4,4,3,2,3,4,2,3,4,3,4,3,2,3,4,3,0,2,3,4,3,2,3,4,3,3,4,2,4,3,2,4,3,4,2,3,4,3,4,2,3,4,4,813867
"682","ptZeiguy48WjP56",29,"female","2",32,"deck5","deck2","P-NP",82,1996.99999997392,11,"magnitude",3,73,1.00000016391277,"good",5,1,"Look ","no",6,7,8,6,7,8,2,3,4,4,3,2,3,4,2,3,4,3,4,3,2,3,4,3,0,2,3,4,3,2,3,4,3,3,4,2,4,3,2,4,3,4,2,3,4,3,4,2,3,4,4,814370
"683","ptZeiguy48WjP56",29,"female","2",32,"deck5","deck2","P-NP",82,1996.99999997392,12,"parity",7,69,142.999999690801,"good",5,1,"Look ","no",6,7,8,6,7,8,2,3,4,4,3,2,3,4,2,3,4,3,4,3,2,3,4,3,0,2,3,4,3,2,3,4,3,3,4,2,4,3,2,4,3,4,2,3,4,3,4,2,3,4,4,815022
"684","ptZeiguy48WjP56",29,"female","2",32,"deck5","deck2","P-NP",82,1996.99999997392,13,"magnitude",2,73,183.999999891967,"good",5,1,"Look ","no",6,7,8,6,7,8,2,3,4,4,3,2,3,4,2,3,4,3,4,3,2,3,4,3,0,2,3,4,3,2,3,4,3,3,4,2,4,3,2,4,3,4,2,3,4,3,4,2,3,4,4,815709
"685","ptZeiguy48WjP56",29,"female","2",32,"deck5","deck2","P-NP",82,1996.99999997392,14,"magnitude",4,69,97.9999997653067,"good",5,1,"Look ","no",6,7,8,6,7,8,2,3,4,4,3,2,3,4,2,3,4,3,4,3,2,3,4,3,0,2,3,4,3,2,3,4,3,3,4,2,4,3,2,4,3,4,2,3,4,3,4,2,3,4,4,816309
"686","ptZeiguy48WjP56",29,"female","2",33,"deck2","deck6","P-NP",82,777.000000234693,1,"magnitude",1,69,149.000000208616,"good",5,1,"Look ","no",6,7,8,6,7,8,2,3,4,4,3,2,3,4,2,3,4,3,4,3,2,3,4,3,0,2,3,4,3,2,3,4,3,3,4,2,4,3,2,4,3,4,2,3,4,3,4,2,3,4,4,818752
"687","ptZeiguy48WjP56",29,"female","2",33,"deck2","deck6","P-NP",82,777.000000234693,2,"magnitude",7,69,132.999999914318,"good",5,1,"Look ","no",6,7,8,6,7,8,2,3,4,4,3,2,3,4,2,3,4,3,4,3,2,3,4,3,0,2,3,4,3,2,3,4,3,3,4,2,4,3,2,4,3,4,2,3,4,3,4,2,3,4,4,819398
"688","ptZeiguy48WjP56",29,"female","2",33,"deck2","deck6","P-NP",82,777.000000234693,3,"parity",2,69,10.9999999403954,"good",5,1,"Look ","no",6,7,8,6,7,8,2,3,4,4,3,2,3,4,2,3,4,3,4,3,2,3,4,3,0,2,3,4,3,2,3,4,3,3,4,2,4,3,2,4,3,4,2,3,4,3,4,2,3,4,4,819913
"689","ptZeiguy48WjP56",29,"female","2",33,"deck2","deck6","P-NP",82,777.000000234693,4,"magnitude",3,69,16.9999999925494,"good",5,1,"Look ","no",6,7,8,6,7,8,2,3,4,4,3,2,3,4,2,3,4,3,4,3,2,3,4,3,0,2,3,4,3,2,3,4,3,3,4,2,4,3,2,4,3,4,2,3,4,3,4,2,3,4,4,820432
"690","ptZeiguy48WjP56",29,"female","2",33,"deck2","deck6","P-NP",82,777.000000234693,5,"parity",2,69,13.9999999664724,"good",5,1,"Look ","no",6,7,8,6,7,8,2,3,4,4,3,2,3,4,2,3,4,3,4,3,2,3,4,3,0,2,3,4,3,2,3,4,3,3,4,2,4,3,2,4,3,4,2,3,4,3,4,2,3,4,4,820949
"691","ptZeiguy48WjP56",29,"female","2",33,"deck2","deck6","P-NP",82,777.000000234693,6,"magnitude",4,69,176.00000044331,"good",5,1,"Look ","no",6,7,8,6,7,8,2,3,4,4,3,2,3,4,2,3,4,3,4,3,2,3,4,3,0,2,3,4,3,2,3,4,3,3,4,2,4,3,2,4,3,4,2,3,4,3,4,2,3,4,4,821629
"692","ptZeiguy48WjP56",29,"female","2",33,"deck2","deck6","P-NP",82,777.000000234693,7,"parity",1,73,46.9999997876585,"good",5,1,"Look ","no",6,7,8,6,7,8,2,3,4,4,3,2,3,4,2,3,4,3,4,3,2,3,4,3,0,2,3,4,3,2,3,4,3,3,4,2,4,3,2,4,3,4,2,3,4,3,4,2,3,4,4,822179
"693","ptZeiguy48WjP56",29,"female","2",33,"deck2","deck6","P-NP",82,777.000000234693,8,"magnitude",6,69,151.000000070781,"good",5,1,"Look ","no",6,7,8,6,7,8,2,3,4,4,3,2,3,4,2,3,4,3,4,3,2,3,4,3,0,2,3,4,3,2,3,4,3,3,4,2,4,3,2,4,3,4,2,3,4,3,4,2,3,4,4,822836
"694","ptZeiguy48WjP56",29,"female","2",34,"deck5","deck3","P-NP",82,2087.99999998882,1,"magnitude",9,73,29.0000000968575,"good",5,1,"Look ","no",6,7,8,6,7,8,2,3,4,4,3,2,3,4,2,3,4,3,4,3,2,3,4,3,0,2,3,4,3,2,3,4,3,3,4,2,4,3,2,4,3,4,2,3,4,3,4,2,3,4,4,826464
"695","ptZeiguy48WjP56",29,"female","2",34,"deck5","deck3","P-NP",82,2087.99999998882,2,"parity",1,69,93.0000003427267,"good",5,1,"Look ","no",6,7,8,6,7,8,2,3,4,4,3,2,3,4,2,3,4,3,4,3,2,3,4,3,0,2,3,4,3,2,3,4,3,3,4,2,4,3,2,4,3,4,2,3,4,3,4,2,3,4,4,827058
"696","ptZeiguy48WjP56",29,"female","2",34,"deck5","deck3","P-NP",82,2087.99999998882,3,"magnitude",9,73,121.999999973923,"good",5,1,"Look ","no",6,7,8,6,7,8,2,3,4,4,3,2,3,4,2,3,4,3,4,3,2,3,4,3,0,2,3,4,3,2,3,4,3,3,4,2,4,3,2,4,3,4,2,3,4,3,4,2,3,4,4,827680
"697","ptZeiguy48WjP56",29,"female","2",34,"deck5","deck3","P-NP",82,2087.99999998882,4,"parity",7,73,3.99999972432852,"good",5,1,"Look ","no",6,7,8,6,7,8,2,3,4,4,3,2,3,4,2,3,4,3,4,3,2,3,4,3,0,2,3,4,3,2,3,4,3,3,4,2,4,3,2,4,3,4,2,3,4,3,4,2,3,4,4,828186
"698","ptZeiguy48WjP56",29,"female","2",34,"deck5","deck3","P-NP",82,2087.99999998882,5,"magnitude",6,73,27.9999999329448,"good",5,1,"Look ","no",6,7,8,6,7,8,2,3,4,4,3,2,3,4,2,3,4,3,4,3,2,3,4,3,0,2,3,4,3,2,3,4,3,3,4,2,4,3,2,4,3,4,2,3,4,3,4,2,3,4,4,828718
"699","ptZeiguy48WjP56",29,"female","2",34,"deck5","deck3","P-NP",82,2087.99999998882,6,"parity",7,69,114.999999757856,"good",5,1,"Look ","no",6,7,8,6,7,8,2,3,4,4,3,2,3,4,2,3,4,3,4,3,2,3,4,3,0,2,3,4,3,2,3,4,3,3,4,2,4,3,2,4,3,4,2,3,4,3,4,2,3,4,4,829334
"700","ptZeiguy48WjP56",29,"female","2",34,"deck5","deck3","P-NP",82,2087.99999998882,7,"magnitude",2,69,104.999999981374,"good",5,1,"Look ","no",6,7,8,6,7,8,2,3,4,4,3,2,3,4,2,3,4,3,4,3,2,3,4,3,0,2,3,4,3,2,3,4,3,3,4,2,4,3,2,4,3,4,2,3,4,3,4,2,3,4,4,829942
"701","ptZeiguy48WjP56",29,"female","2",34,"deck5","deck3","P-NP",82,2087.99999998882,8,"magnitude",7,69,58.0000001937151,"good",5,1,"Look ","no",6,7,8,6,7,8,2,3,4,4,3,2,3,4,2,3,4,3,4,3,2,3,4,3,0,2,3,4,3,2,3,4,3,3,4,2,4,3,2,4,3,4,2,3,4,3,4,2,3,4,4,830505
"702","ptZeiguy48WjP56",29,"female","2",35,"deck6","deck4","P-P",82,403.000000398606,1,"magnitude",6,73,189.999999944121,"good",5,1,"Look ","no",6,7,8,6,7,8,2,3,4,4,3,2,3,4,2,3,4,3,4,3,2,3,4,3,0,2,3,4,3,2,3,4,3,3,4,2,4,3,2,4,3,4,2,3,4,3,4,2,3,4,4,832613
"703","ptZeiguy48WjP56",29,"female","2",35,"deck6","deck4","P-P",82,403.000000398606,2,"magnitude",4,69,160.000000149012,"good",5,1,"Look ","no",6,7,8,6,7,8,2,3,4,4,3,2,3,4,2,3,4,3,4,3,2,3,4,3,0,2,3,4,3,2,3,4,3,3,4,2,4,3,2,4,3,4,2,3,4,3,4,2,3,4,4,833275
"704","ptZeiguy48WjP56",29,"female","2",35,"deck6","deck4","P-P",82,403.000000398606,3,"magnitude",9,73,11.0000004060566,"good",5,1,"Look ","no",6,7,8,6,7,8,2,3,4,4,3,2,3,4,2,3,4,3,4,3,2,3,4,3,0,2,3,4,3,2,3,4,3,3,4,2,4,3,2,4,3,4,2,3,4,3,4,2,3,4,4,833789
"705","ptZeiguy48WjP56",29,"female","2",35,"deck6","deck4","P-P",82,403.000000398606,4,"magnitude",9,69,120.000000111759,"good",5,1,"Look ","no",6,7,8,6,7,8,2,3,4,4,3,2,3,4,2,3,4,3,4,3,2,3,4,3,0,2,3,4,3,2,3,4,3,3,4,2,4,3,2,4,3,4,2,3,4,3,4,2,3,4,4,834410
"706","ptZeiguy48WjP56",29,"female","2",35,"deck6","deck4","P-P",82,403.000000398606,5,"magnitude",6,73,21.9999998807907,"good",5,1,"Look ","no",6,7,8,6,7,8,2,3,4,4,3,2,3,4,2,3,4,3,4,3,2,3,4,3,0,2,3,4,3,2,3,4,3,3,4,2,4,3,2,4,3,4,2,3,4,3,4,2,3,4,4,834935
"707","ptZeiguy48WjP56",29,"female","2",35,"deck6","deck4","P-P",82,403.000000398606,6,"parity",8,69,191.999999806285,"good",5,1,"Look ","no",6,7,8,6,7,8,2,3,4,4,3,2,3,4,2,3,4,3,4,3,2,3,4,3,0,2,3,4,3,2,3,4,3,3,4,2,4,3,2,4,3,4,2,3,4,3,4,2,3,4,4,835628
"708","ptZeiguy48WjP56",29,"female","2",35,"deck6","deck4","P-P",82,403.000000398606,7,"parity",3,73,42.9999995976686,"good",5,1,"Look ","no",6,7,8,6,7,8,2,3,4,4,3,2,3,4,2,3,4,3,4,3,2,3,4,3,0,2,3,4,3,2,3,4,3,3,4,2,4,3,2,4,3,4,2,3,4,3,4,2,3,4,4,836172
"709","ptZeiguy48WjP56",29,"female","2",35,"deck6","deck4","P-P",82,403.000000398606,8,"parity",1,69,148.000000044703,"good",5,1,"Look ","no",6,7,8,6,7,8,2,3,4,4,3,2,3,4,2,3,4,3,4,3,2,3,4,3,0,2,3,4,3,2,3,4,3,3,4,2,4,3,2,4,3,4,2,3,4,3,4,2,3,4,4,836821
"710","ptZeiguy48WjP56",29,"female","2",35,"deck6","deck4","P-P",82,403.000000398606,9,"parity",3,69,1.99999986216426,"good",5,1,"Look ","no",6,7,8,6,7,8,2,3,4,4,3,2,3,4,2,3,4,3,4,3,2,3,4,3,0,2,3,4,3,2,3,4,3,3,4,2,4,3,2,4,3,4,2,3,4,3,4,2,3,4,4,837326
"711","ptZeiguy48WjP56",29,"female","2",35,"deck6","deck4","P-P",82,403.000000398606,10,"parity",9,73,44.0000002272427,"good",5,1,"Look ","no",6,7,8,6,7,8,2,3,4,4,3,2,3,4,2,3,4,3,4,3,2,3,4,3,0,2,3,4,3,2,3,4,3,3,4,2,4,3,2,4,3,4,2,3,4,3,4,2,3,4,4,837874
"712","ptZeiguy48WjP56",29,"female","2",35,"deck6","deck4","P-P",82,403.000000398606,11,"parity",6,73,46.9999997876585,"good",5,1,"Look ","no",6,7,8,6,7,8,2,3,4,4,3,2,3,4,2,3,4,3,4,3,2,3,4,3,0,2,3,4,3,2,3,4,3,3,4,2,4,3,2,4,3,4,2,3,4,3,4,2,3,4,4,838423
"713","ptZeiguy48WjP56",29,"female","2",35,"deck6","deck4","P-P",82,403.000000398606,12,"parity",1,69,131.000000052154,"good",5,1,"Look ","no",6,7,8,6,7,8,2,3,4,4,3,2,3,4,2,3,4,3,4,3,2,3,4,3,0,2,3,4,3,2,3,4,3,3,4,2,4,3,2,4,3,4,2,3,4,3,4,2,3,4,4,839055
"714","ptZeiguy48WjP56",29,"female","2",35,"deck6","deck4","P-P",82,403.000000398606,13,"parity",4,73,57.0000000298023,"good",5,1,"Look ","no",6,7,8,6,7,8,2,3,4,4,3,2,3,4,2,3,4,3,4,3,2,3,4,3,0,2,3,4,3,2,3,4,3,3,4,2,4,3,2,4,3,4,2,3,4,3,4,2,3,4,4,839618
"715","ptZeiguy48WjP56",29,"female","2",35,"deck6","deck4","P-P",82,403.000000398606,14,"parity",9,69,91.0000000149012,"good",5,1,"Look ","no",6,7,8,6,7,8,2,3,4,4,3,2,3,4,2,3,4,3,4,3,2,3,4,3,0,2,3,4,3,2,3,4,3,3,4,2,4,3,2,4,3,4,2,3,4,3,4,2,3,4,4,840212
"716","ptZeiguy48WjP56",29,"female","2",36,"deck2","deck5","P-NP",82,626.999999862164,1,"magnitude",2,73,80.9999997727573,"good",5,1,"Look ","no",6,7,8,6,7,8,2,3,4,4,3,2,3,4,2,3,4,3,4,3,2,3,4,3,0,2,3,4,3,2,3,4,3,3,4,2,4,3,2,4,3,4,2,3,4,3,4,2,3,4,4,842430
"717","ptZeiguy48WjP56",29,"female","2",36,"deck2","deck5","P-NP",82,626.999999862164,2,"parity",2,69,100.000000093132,"good",5,1,"Look ","no",6,7,8,6,7,8,2,3,4,4,3,2,3,4,2,3,4,3,4,3,2,3,4,3,0,2,3,4,3,2,3,4,3,3,4,2,4,3,2,4,3,4,2,3,4,3,4,2,3,4,4,843033
"718","ptZeiguy48WjP56",29,"female","2",36,"deck2","deck5","P-NP",82,626.999999862164,3,"parity",3,73,80.0000000745058,"good",5,1,"Look ","no",6,7,8,6,7,8,2,3,4,4,3,2,3,4,2,3,4,3,4,3,2,3,4,3,0,2,3,4,3,2,3,4,3,3,4,2,4,3,2,4,3,4,2,3,4,3,4,2,3,4,4,843616
"719","ptZeiguy48WjP56",29,"female","2",36,"deck2","deck5","P-NP",82,626.999999862164,4,"magnitude",6,69,129.999999888241,"good",5,1,"Look ","no",6,7,8,6,7,8,2,3,4,4,3,2,3,4,2,3,4,3,4,3,2,3,4,3,0,2,3,4,3,2,3,4,3,3,4,2,4,3,2,4,3,4,2,3,4,3,4,2,3,4,4,844248
"720","ptZeiguy48WjP56",29,"female","2",36,"deck2","deck5","P-NP",82,626.999999862164,5,"magnitude",2,69,64.0000002458692,"good",5,1,"Look ","no",6,7,8,6,7,8,2,3,4,4,3,2,3,4,2,3,4,3,4,3,2,3,4,3,0,2,3,4,3,2,3,4,3,3,4,2,4,3,2,4,3,4,2,3,4,3,4,2,3,4,4,844815
"721","ptZeiguy48WjP56",29,"female","2",36,"deck2","deck5","P-NP",82,626.999999862164,6,"parity",4,73,87.9999999888241,"good",5,1,"Look ","no",6,7,8,6,7,8,2,3,4,4,3,2,3,4,2,3,4,3,4,3,2,3,4,3,0,2,3,4,3,2,3,4,3,3,4,2,4,3,2,4,3,4,2,3,4,3,4,2,3,4,4,845406
"722","ptZeiguy48WjP56",29,"female","2",36,"deck2","deck5","P-NP",82,626.999999862164,7,"magnitude",2,69,148.000000044703,"good",5,1,"Look ","no",6,7,8,6,7,8,2,3,4,4,3,2,3,4,2,3,4,3,4,3,2,3,4,3,0,2,3,4,3,2,3,4,3,3,4,2,4,3,2,4,3,4,2,3,4,3,4,2,3,4,4,846076
"723","ptZeiguy48WjP56",29,"female","2",36,"deck2","deck5","P-NP",82,626.999999862164,8,"magnitude",3,69,38.9999998733401,"good",5,1,"Look ","no",6,7,8,6,7,8,2,3,4,4,3,2,3,4,2,3,4,3,4,3,2,3,4,3,0,2,3,4,3,2,3,4,3,3,4,2,4,3,2,4,3,4,2,3,4,3,4,2,3,4,4,846617
"724","ptZeiguy48WjP56",29,"female","2",36,"deck2","deck5","P-NP",82,626.999999862164,9,"parity",2,73,125,"good",5,1,"Look ","no",6,7,8,6,7,8,2,3,4,4,3,2,3,4,2,3,4,3,4,3,2,3,4,3,0,2,3,4,3,2,3,4,3,3,4,2,4,3,2,4,3,4,2,3,4,3,4,2,3,4,4,847244
"725","ptZeiguy48WjP56",29,"female","2",36,"deck2","deck5","P-NP",82,626.999999862164,10,"parity",7,73,0,"good",5,1,"Look ","no",6,7,8,6,7,8,2,3,4,4,3,2,3,4,2,3,4,3,4,3,2,3,4,3,0,2,3,4,3,2,3,4,3,3,4,2,4,3,2,4,3,4,2,3,4,3,4,2,3,4,4,847747
"726","ptZeiguy48WjP56",29,"female","2",37,"deck4","deck6","P-P",82,770.000000018626,1,"magnitude",1,73,83.0000001005828,"good",5,1,"Look ","no",6,7,8,6,7,8,2,3,4,4,3,2,3,4,2,3,4,3,4,3,2,3,4,3,0,2,3,4,3,2,3,4,3,3,4,2,4,3,2,4,3,4,2,3,4,3,4,2,3,4,4,850110
"727","ptZeiguy48WjP56",29,"female","2",37,"deck4","deck6","P-P",82,770.000000018626,2,"magnitude",8,69,228.000000119209,"good",5,1,"Look ","no",6,7,8,6,7,8,2,3,4,4,3,2,3,4,2,3,4,3,4,3,2,3,4,3,0,2,3,4,3,2,3,4,3,3,4,2,4,3,2,4,3,4,2,3,4,3,4,2,3,4,4,850839
"728","ptZeiguy48WjP56",29,"female","2",37,"deck4","deck6","P-P",82,770.000000018626,3,"parity",9,69,67.9999999701977,"good",5,1,"Look ","no",6,7,8,6,7,8,2,3,4,4,3,2,3,4,2,3,4,3,4,3,2,3,4,3,0,2,3,4,3,2,3,4,3,3,4,2,4,3,2,4,3,4,2,3,4,3,4,2,3,4,4,851409
"729","ptZeiguy48WjP56",29,"female","2",37,"deck4","deck6","P-P",82,770.000000018626,4,"magnitude",2,69,87.0000002905726,"good",5,1,"Look ","no",6,7,8,6,7,8,2,3,4,4,3,2,3,4,2,3,4,3,4,3,2,3,4,3,0,2,3,4,3,2,3,4,3,3,4,2,4,3,2,4,3,4,2,3,4,3,4,2,3,4,4,851999
"730","ptZeiguy48WjP56",29,"female","2",37,"deck4","deck6","P-P",82,770.000000018626,5,"parity",2,73,35.0000001490116,"good",5,1,"Look ","no",6,7,8,6,7,8,2,3,4,4,3,2,3,4,2,3,4,3,4,3,2,3,4,3,0,2,3,4,3,2,3,4,3,3,4,2,4,3,2,4,3,4,2,3,4,3,4,2,3,4,4,852544
"731","ptZeiguy48WjP56",29,"female","2",37,"deck4","deck6","P-P",82,770.000000018626,6,"magnitude",2,69,58.9999998919666,"good",5,1,"Look ","no",6,7,8,6,7,8,2,3,4,4,3,2,3,4,2,3,4,3,4,3,2,3,4,3,0,2,3,4,3,2,3,4,3,3,4,2,4,3,2,4,3,4,2,3,4,3,4,2,3,4,4,853106
"732","ptZeiguy48WjP56",29,"female","2",37,"deck4","deck6","P-P",82,770.000000018626,7,"parity",6,73,32.9999998211861,"good",5,1,"Look ","no",6,7,8,6,7,8,2,3,4,4,3,2,3,4,2,3,4,3,4,3,2,3,4,3,0,2,3,4,3,2,3,4,3,3,4,2,4,3,2,4,3,4,2,3,4,3,4,2,3,4,4,853642
"733","ptZeiguy48WjP56",29,"female","2",37,"deck4","deck6","P-P",82,770.000000018626,8,"magnitude",4,69,51.9999996758997,"good",5,1,"Look ","no",6,7,8,6,7,8,2,3,4,4,3,2,3,4,2,3,4,3,4,3,2,3,4,3,0,2,3,4,3,2,3,4,3,3,4,2,4,3,2,4,3,4,2,3,4,3,4,2,3,4,4,854196
"734","ptZeiguy48WjP56",29,"female","2",37,"deck4","deck6","P-P",82,770.000000018626,9,"parity",9,73,28.9999996311963,"good",5,1,"Look ","no",6,7,8,6,7,8,2,3,4,4,3,2,3,4,2,3,4,3,4,3,2,3,4,3,0,2,3,4,3,2,3,4,3,3,4,2,4,3,2,4,3,4,2,3,4,3,4,2,3,4,4,854728
"735","ptZeiguy48WjP56",29,"female","2",37,"deck4","deck6","P-P",82,770.000000018626,10,"magnitude",2,69,9.99999977648258,"good",5,1,"Look ","no",6,7,8,6,7,8,2,3,4,4,3,2,3,4,2,3,4,3,4,3,2,3,4,3,0,2,3,4,3,2,3,4,3,3,4,2,4,3,2,4,3,4,2,3,4,3,4,2,3,4,4,855239
"736","ptZeiguy48WjP56",29,"female","2",38,"deck3","deck5","P-NP",82,558.999999891967,1,"magnitude",9,69,75.0000001862645,"good",5,1,"Look ","no",6,7,8,6,7,8,2,3,4,4,3,2,3,4,2,3,4,3,4,3,2,3,4,3,0,2,3,4,3,2,3,4,3,3,4,2,4,3,2,4,3,4,2,3,4,3,4,2,3,4,4,857385
"737","ptZeiguy48WjP56",29,"female","2",38,"deck3","deck5","P-NP",82,558.999999891967,2,"magnitude",3,73,3.99999972432852,"good",5,1,"Look ","no",6,7,8,6,7,8,2,3,4,4,3,2,3,4,2,3,4,3,4,3,2,3,4,3,0,2,3,4,3,2,3,4,3,3,4,2,4,3,2,4,3,4,2,3,4,3,4,2,3,4,4,857889
"738","ptZeiguy48WjP56",29,"female","2",38,"deck3","deck5","P-NP",82,558.999999891967,3,"parity",4,69,70.9999999962747,"good",5,1,"Look ","no",6,7,8,6,7,8,2,3,4,4,3,2,3,4,2,3,4,3,4,3,2,3,4,3,0,2,3,4,3,2,3,4,3,3,4,2,4,3,2,4,3,4,2,3,4,3,4,2,3,4,4,858461
"739","ptZeiguy48WjP56",29,"female","2",38,"deck3","deck5","P-NP",82,558.999999891967,4,"parity",7,73,23.0000000447035,"good",5,1,"Look ","no",6,7,8,6,7,8,2,3,4,4,3,2,3,4,2,3,4,3,4,3,2,3,4,3,0,2,3,4,3,2,3,4,3,3,4,2,4,3,2,4,3,4,2,3,4,3,4,2,3,4,4,858987
"740","ptZeiguy48WjP56",29,"female","2",38,"deck3","deck5","P-NP",82,558.999999891967,5,"magnitude",7,69,36.9999995455146,"good",5,1,"Look ","no",6,7,8,6,7,8,2,3,4,4,3,2,3,4,2,3,4,3,4,3,2,3,4,3,0,2,3,4,3,2,3,4,3,3,4,2,4,3,2,4,3,4,2,3,4,3,4,2,3,4,4,859525
"741","ptZeiguy48WjP56",29,"female","2",38,"deck3","deck5","P-NP",82,558.999999891967,6,"magnitude",6,73,168.00000006333,"good",5,1,"Look ","no",6,7,8,6,7,8,2,3,4,4,3,2,3,4,2,3,4,3,4,3,2,3,4,3,0,2,3,4,3,2,3,4,3,3,4,2,4,3,2,4,3,4,2,3,4,3,4,2,3,4,4,860193
"742","ptZeiguy48WjP56",29,"female","2",38,"deck3","deck5","P-NP",82,558.999999891967,7,"magnitude",7,69,86.9999998249114,"good",5,1,"Look ","no",6,7,8,6,7,8,2,3,4,4,3,2,3,4,2,3,4,3,4,3,2,3,4,3,0,2,3,4,3,2,3,4,3,3,4,2,4,3,2,4,3,4,2,3,4,3,4,2,3,4,4,860784
"743","ptZeiguy48WjP56",29,"female","2",38,"deck3","deck5","P-NP",82,558.999999891967,8,"parity",4,69,23.0000000447035,"good",5,1,"Look ","no",6,7,8,6,7,8,2,3,4,4,3,2,3,4,2,3,4,3,4,3,2,3,4,3,0,2,3,4,3,2,3,4,3,3,4,2,4,3,2,4,3,4,2,3,4,3,4,2,3,4,4,861311
"744","ptZeiguy48WjP56",29,"female","2",38,"deck3","deck5","P-NP",82,558.999999891967,9,"magnitude",9,73,87.9999999888241,"good",5,1,"Look ","no",6,7,8,6,7,8,2,3,4,4,3,2,3,4,2,3,4,3,4,3,2,3,4,3,0,2,3,4,3,2,3,4,3,3,4,2,4,3,2,4,3,4,2,3,4,3,4,2,3,4,4,861907
"745","ptZeiguy48WjP56",29,"female","2",38,"deck3","deck5","P-NP",82,558.999999891967,10,"parity",7,69,118.999999947846,"good",5,1,"Look ","no",6,7,8,6,7,8,2,3,4,4,3,2,3,4,2,3,4,3,4,3,2,3,4,3,0,2,3,4,3,2,3,4,3,3,4,2,4,3,2,4,3,4,2,3,4,3,4,2,3,4,4,862527
"746","ptZeiguy48WjP56",29,"female","2",38,"deck3","deck5","P-NP",82,558.999999891967,11,"parity",6,73,102.000000420958,"good",5,1,"Look ","no",6,7,8,6,7,8,2,3,4,4,3,2,3,4,2,3,4,3,4,3,2,3,4,3,0,2,3,4,3,2,3,4,3,3,4,2,4,3,2,4,3,4,2,3,4,3,4,2,3,4,4,863130
"747","ptZeiguy48WjP56",29,"female","2",38,"deck3","deck5","P-NP",82,558.999999891967,12,"parity",8,69,70.0000002980232,"good",5,1,"Look ","no",6,7,8,6,7,8,2,3,4,4,3,2,3,4,2,3,4,3,4,3,2,3,4,3,0,2,3,4,3,2,3,4,3,3,4,2,4,3,2,4,3,4,2,3,4,3,4,2,3,4,4,863702
"748","ptZeiguy48WjP56",29,"female","2",38,"deck3","deck5","P-NP",82,558.999999891967,13,"magnitude",4,73,75.999999884516,"good",5,1,"Look ","no",6,7,8,6,7,8,2,3,4,4,3,2,3,4,2,3,4,3,4,3,2,3,4,3,0,2,3,4,3,2,3,4,3,3,4,2,4,3,2,4,3,4,2,3,4,3,4,2,3,4,4,864280
"749","ptZeiguy48WjP56",29,"female","2",39,"deck4","deck3","P-NP",82,472.000000067055,1,"magnitude",6,69,55.9999998658895,"good",5,1,"Look ","no",6,7,8,6,7,8,2,3,4,4,3,2,3,4,2,3,4,3,4,3,2,3,4,3,0,2,3,4,3,2,3,4,3,3,4,2,4,3,2,4,3,4,2,3,4,3,4,2,3,4,4,866313
"750","ptZeiguy48WjP56",29,"female","2",39,"deck4","deck3","P-NP",82,472.000000067055,2,"parity",6,73,23.0000000447035,"good",5,1,"Look ","no",6,7,8,6,7,8,2,3,4,4,3,2,3,4,2,3,4,3,4,3,2,3,4,3,0,2,3,4,3,2,3,4,3,3,4,2,4,3,2,4,3,4,2,3,4,3,4,2,3,4,4,866839
"751","ptZeiguy48WjP56",29,"female","2",39,"deck4","deck3","P-NP",82,472.000000067055,3,"magnitude",3,69,148.999999742955,"good",5,1,"Look ","no",6,7,8,6,7,8,2,3,4,4,3,2,3,4,2,3,4,3,4,3,2,3,4,3,0,2,3,4,3,2,3,4,3,3,4,2,4,3,2,4,3,4,2,3,4,3,4,2,3,4,4,867492
"752","ptZeiguy48WjP56",29,"female","2",39,"deck4","deck3","P-NP",82,472.000000067055,4,"parity",8,73,7.99999991431832,"good",5,1,"Look ","no",6,7,8,6,7,8,2,3,4,4,3,2,3,4,2,3,4,3,4,3,2,3,4,3,0,2,3,4,3,2,3,4,3,3,4,2,4,3,2,4,3,4,2,3,4,3,4,2,3,4,4,868002
"753","ptZeiguy48WjP56",29,"female","2",39,"deck4","deck3","P-NP",82,472.000000067055,5,"magnitude",8,69,175.999999977648,"good",5,1,"Look ","no",6,7,8,6,7,8,2,3,4,4,3,2,3,4,2,3,4,3,4,3,2,3,4,3,0,2,3,4,3,2,3,4,3,3,4,2,4,3,2,4,3,4,2,3,4,3,4,2,3,4,4,868680
"754","ptZeiguy48WjP56",29,"female","2",39,"deck4","deck3","P-NP",82,472.000000067055,6,"parity",2,73,4.99999988824129,"good",5,1,"Look ","no",6,7,8,6,7,8,2,3,4,4,3,2,3,4,2,3,4,3,4,3,2,3,4,3,0,2,3,4,3,2,3,4,3,3,4,2,4,3,2,4,3,4,2,3,4,3,4,2,3,4,4,869188
"755","ptZeiguy48WjP56",29,"female","2",39,"deck4","deck3","P-NP",82,472.000000067055,7,"magnitude",1,73,175.999999977648,"good",5,1,"Look ","no",6,7,8,6,7,8,2,3,4,4,3,2,3,4,2,3,4,3,4,3,2,3,4,3,0,2,3,4,3,2,3,4,3,3,4,2,4,3,2,4,3,4,2,3,4,3,4,2,3,4,4,869873
"756","ptZeiguy48WjP56",29,"female","2",39,"deck4","deck3","P-NP",82,472.000000067055,8,"parity",9,69,39.9999995715916,"good",5,1,"Look ","no",6,7,8,6,7,8,2,3,4,4,3,2,3,4,2,3,4,3,4,3,2,3,4,3,0,2,3,4,3,2,3,4,3,3,4,2,4,3,2,4,3,4,2,3,4,3,4,2,3,4,4,870418
"757","ptZeiguy48WjP56",29,"female","2",39,"deck4","deck3","P-NP",82,472.000000067055,9,"parity",3,69,12.0000001043081,"good",5,1,"Look ","no",6,7,8,6,7,8,2,3,4,4,3,2,3,4,2,3,4,3,4,3,2,3,4,3,0,2,3,4,3,2,3,4,3,3,4,2,4,3,2,4,3,4,2,3,4,3,4,2,3,4,4,870932
"758","ptZeiguy48WjP56",29,"female","2",39,"deck4","deck3","P-NP",82,472.000000067055,10,"magnitude",6,69,24.9999999068677,"good",5,1,"Look ","no",6,7,8,6,7,8,2,3,4,4,3,2,3,4,2,3,4,3,4,3,2,3,4,3,0,2,3,4,3,2,3,4,3,3,4,2,4,3,2,4,3,4,2,3,4,3,4,2,3,4,4,871458
"759","ptZeiguy48WjP56",29,"female","2",40,"deck3","deck1","NP-NP",82,2968.00000034273,1,"magnitude",7,69,70.0000002980232,"good",5,1,"Look ","no",6,7,8,6,7,8,2,3,4,4,3,2,3,4,2,3,4,3,4,3,2,3,4,3,0,2,3,4,3,2,3,4,3,3,4,2,4,3,2,4,3,4,2,3,4,3,4,2,3,4,4,876002
"760","ptZeiguy48WjP56",29,"female","2",40,"deck3","deck1","NP-NP",82,2968.00000034273,2,"magnitude",2,73,123.000000137836,"good",5,1,"Look ","no",6,7,8,6,7,8,2,3,4,4,3,2,3,4,2,3,4,3,4,3,2,3,4,3,0,2,3,4,3,2,3,4,3,3,4,2,4,3,2,4,3,4,2,3,4,3,4,2,3,4,4,876627
"761","ptZeiguy48WjP56",29,"female","2",40,"deck3","deck1","NP-NP",82,2968.00000034273,3,"magnitude",1,73,203.999999910593,"good",5,1,"Look ","no",6,7,8,6,7,8,2,3,4,4,3,2,3,4,2,3,4,3,4,3,2,3,4,3,0,2,3,4,3,2,3,4,3,3,4,2,4,3,2,4,3,4,2,3,4,3,4,2,3,4,4,877333
"762","ptZeiguy48WjP56",29,"female","2",40,"deck3","deck1","NP-NP",82,2968.00000034273,4,"magnitude",8,69,277.000000234693,"good",5,1,"Look ","no",6,7,8,6,7,8,2,3,4,4,3,2,3,4,2,3,4,3,4,3,2,3,4,3,0,2,3,4,3,2,3,4,3,3,4,2,4,3,2,4,3,4,2,3,4,3,4,2,3,4,4,878112
"763","ptZeiguy48WjP56",29,"female","2",40,"deck3","deck1","NP-NP",82,2968.00000034273,5,"parity",4,69,69.0000001341105,"good",5,1,"Look ","no",6,7,8,6,7,8,2,3,4,4,3,2,3,4,2,3,4,3,4,3,2,3,4,3,0,2,3,4,3,2,3,4,3,3,4,2,4,3,2,4,3,4,2,3,4,3,4,2,3,4,4,878684
"764","ptZeiguy48WjP56",29,"female","2",40,"deck3","deck1","NP-NP",82,2968.00000034273,6,"parity",2,69,21.0000001825392,"good",5,1,"Look ","no",6,7,8,6,7,8,2,3,4,4,3,2,3,4,2,3,4,3,4,3,2,3,4,3,0,2,3,4,3,2,3,4,3,3,4,2,4,3,2,4,3,4,2,3,4,3,4,2,3,4,4,879206
"765","ptZeiguy48WjP56",29,"female","2",40,"deck3","deck1","NP-NP",82,2968.00000034273,7,"parity",4,73,88.9999996870756,"good",5,1,"Look ","no",6,7,8,6,7,8,2,3,4,4,3,2,3,4,2,3,4,3,4,3,2,3,4,3,0,2,3,4,3,2,3,4,3,3,4,2,4,3,2,4,3,4,2,3,4,3,4,2,3,4,4,879796
"766","ptZeiguy48WjP56",29,"female","2",40,"deck3","deck1","NP-NP",82,2968.00000034273,8,"parity",4,73,6.00000005215406,"good",5,1,"Look ","no",6,7,8,6,7,8,2,3,4,4,3,2,3,4,2,3,4,3,4,3,2,3,4,3,0,2,3,4,3,2,3,4,3,3,4,2,4,3,2,4,3,4,2,3,4,3,4,2,3,4,4,880307
"767","ptZeiguy48WjP56",29,"female","2",40,"deck3","deck1","NP-NP",82,2968.00000034273,9,"parity",7,73,7.99999991431832,"good",5,1,"Look ","no",6,7,8,6,7,8,2,3,4,4,3,2,3,4,2,3,4,3,4,3,2,3,4,3,0,2,3,4,3,2,3,4,3,3,4,2,4,3,2,4,3,4,2,3,4,3,4,2,3,4,4,880822
"768","ptZeiguy48WjP56",29,"female","2",40,"deck3","deck1","NP-NP",82,2968.00000034273,10,"parity",4,73,20.0000000186265,"good",5,1,"Look ","no",6,7,8,6,7,8,2,3,4,4,3,2,3,4,2,3,4,3,4,3,2,3,4,3,0,2,3,4,3,2,3,4,3,3,4,2,4,3,2,4,3,4,2,3,4,3,4,2,3,4,4,881344
"769","ptZeiguy48WjP56",29,"female","2",40,"deck3","deck1","NP-NP",82,2968.00000034273,11,"parity",8,73,12.0000001043081,"good",5,1,"Look ","no",6,7,8,6,7,8,2,3,4,4,3,2,3,4,2,3,4,3,4,3,2,3,4,3,0,2,3,4,3,2,3,4,3,3,4,2,4,3,2,4,3,4,2,3,4,3,4,2,3,4,4,881857
"770","ptZeiguy48WjP56",29,"female","2",40,"deck3","deck1","NP-NP",82,2968.00000034273,12,"parity",6,73,18.9999998547137,"good",5,1,"Look ","no",6,7,8,6,7,8,2,3,4,4,3,2,3,4,2,3,4,3,4,3,2,3,4,3,0,2,3,4,3,2,3,4,3,3,4,2,4,3,2,4,3,4,2,3,4,3,4,2,3,4,4,882376
"771","ptZeiguy48WjP56",29,"female","2",40,"deck3","deck1","NP-NP",82,2968.00000034273,13,"parity",9,69,192.999999970198,"good",5,1,"Look ","no",6,7,8,6,7,8,2,3,4,4,3,2,3,4,2,3,4,3,4,3,2,3,4,3,0,2,3,4,3,2,3,4,3,3,4,2,4,3,2,4,3,4,2,3,4,3,4,2,3,4,4,883071
"772","ptZeiguy48WjP56",29,"female","2",40,"deck3","deck1","NP-NP",82,2968.00000034273,14,"parity",4,73,66.9999998062849,"good",5,1,"Look ","no",6,7,8,6,7,8,2,3,4,4,3,2,3,4,2,3,4,3,4,3,2,3,4,3,0,2,3,4,3,2,3,4,3,3,4,2,4,3,2,4,3,4,2,3,4,3,4,2,3,4,4,883640
"773","ptZeiguy48WjP56",29,"female","2",40,"deck3","deck1","NP-NP",82,2968.00000034273,15,"parity",4,69,149.999999906868,"good",5,1,"Look ","no",6,7,8,6,7,8,2,3,4,4,3,2,3,4,2,3,4,3,4,3,2,3,4,3,0,2,3,4,3,2,3,4,3,3,4,2,4,3,2,4,3,4,2,3,4,3,4,2,3,4,4,884292
"774","ptZeiguy48WjP56",29,"female","2",41,"deck5","deck1","P-NP",82,1330.00000007451,1,"magnitude",2,69,142.999999690801,"good",5,1,"Look ","no",6,7,8,6,7,8,2,3,4,4,3,2,3,4,2,3,4,3,4,3,2,3,4,3,0,2,3,4,3,2,3,4,3,3,4,2,4,3,2,4,3,4,2,3,4,3,4,2,3,4,4,887278
"775","ptZeiguy48WjP56",29,"female","2",41,"deck5","deck1","P-NP",82,1330.00000007451,2,"magnitude",1,73,27.0000002346933,"good",5,1,"Look ","no",6,7,8,6,7,8,2,3,4,4,3,2,3,4,2,3,4,3,4,3,2,3,4,3,0,2,3,4,3,2,3,4,3,3,4,2,4,3,2,4,3,4,2,3,4,3,4,2,3,4,4,887808
"776","ptZeiguy48WjP56",29,"female","2",41,"deck5","deck1","P-NP",82,1330.00000007451,3,"magnitude",3,73,6.99999975040555,"good",5,1,"Look ","no",6,7,8,6,7,8,2,3,4,4,3,2,3,4,2,3,4,3,4,3,2,3,4,3,0,2,3,4,3,2,3,4,3,3,4,2,4,3,2,4,3,4,2,3,4,3,4,2,3,4,4,888316
"777","ptZeiguy48WjP56",29,"female","2",41,"deck5","deck1","P-NP",82,1330.00000007451,4,"magnitude",7,69,60.0000000558794,"good",5,1,"Look ","no",6,7,8,6,7,8,2,3,4,4,3,2,3,4,2,3,4,3,4,3,2,3,4,3,0,2,3,4,3,2,3,4,3,3,4,2,4,3,2,4,3,4,2,3,4,3,4,2,3,4,4,888879
"778","ptZeiguy48WjP56",29,"female","2",41,"deck5","deck1","P-NP",82,1330.00000007451,5,"parity",4,69,90.9999995492399,"good",5,1,"Look ","no",6,7,8,6,7,8,2,3,4,4,3,2,3,4,2,3,4,3,4,3,2,3,4,3,0,2,3,4,3,2,3,4,3,3,4,2,4,3,2,4,3,4,2,3,4,3,4,2,3,4,4,889472
"779","ptZeiguy48WjP56",29,"female","2",41,"deck5","deck1","P-NP",82,1330.00000007451,6,"parity",3,69,86.0000001266599,"good",5,1,"Look ","no",6,7,8,6,7,8,2,3,4,4,3,2,3,4,2,3,4,3,4,3,2,3,4,3,0,2,3,4,3,2,3,4,3,3,4,2,4,3,2,4,3,4,2,3,4,3,4,2,3,4,4,890060
"780","ptZeiguy48WjP56",29,"female","2",41,"deck5","deck1","P-NP",82,1330.00000007451,7,"parity",6,69,49.9999998137355,"good",5,1,"Look ","no",6,7,8,6,7,8,2,3,4,4,3,2,3,4,2,3,4,3,4,3,2,3,4,3,0,2,3,4,3,2,3,4,3,3,4,2,4,3,2,4,3,4,2,3,4,3,4,2,3,4,4,890611
"781","ptZeiguy48WjP56",29,"female","2",41,"deck5","deck1","P-NP",82,1330.00000007451,8,"parity",8,69,64.9999999441206,"good",5,1,"Look ","no",6,7,8,6,7,8,2,3,4,4,3,2,3,4,2,3,4,3,4,3,2,3,4,3,0,2,3,4,3,2,3,4,3,3,4,2,4,3,2,4,3,4,2,3,4,3,4,2,3,4,4,891179
"782","ptZeiguy48WjP56",29,"female","2",41,"deck5","deck1","P-NP",82,1330.00000007451,9,"parity",3,69,15.0000001303852,"good",5,1,"Look ","no",6,7,8,6,7,8,2,3,4,4,3,2,3,4,2,3,4,3,4,3,2,3,4,3,0,2,3,4,3,2,3,4,3,3,4,2,4,3,2,4,3,4,2,3,4,3,4,2,3,4,4,891696
"783","ptZeiguy48WjP56",29,"female","2",41,"deck5","deck1","P-NP",82,1330.00000007451,10,"parity",6,69,1.99999986216426,"good",5,1,"Look ","no",6,7,8,6,7,8,2,3,4,4,3,2,3,4,2,3,4,3,4,3,2,3,4,3,0,2,3,4,3,2,3,4,3,3,4,2,4,3,2,4,3,4,2,3,4,3,4,2,3,4,4,892203
"784","ptZeiguy48WjP56",29,"female","2",41,"deck5","deck1","P-NP",82,1330.00000007451,11,"parity",2,69,7.00000021606684,"good",5,1,"Look ","no",6,7,8,6,7,8,2,3,4,4,3,2,3,4,2,3,4,3,4,3,2,3,4,3,0,2,3,4,3,2,3,4,3,3,4,2,4,3,2,4,3,4,2,3,4,3,4,2,3,4,4,892712
"785","ptZeiguy48WjP56",29,"female","2",41,"deck5","deck1","P-NP",82,1330.00000007451,12,"parity",4,73,123.999999836087,"good",5,1,"Look ","no",6,7,8,6,7,8,2,3,4,4,3,2,3,4,2,3,4,3,4,3,2,3,4,3,0,2,3,4,3,2,3,4,3,3,4,2,4,3,2,4,3,4,2,3,4,3,4,2,3,4,4,893338
"786","ptZeiguy48WjP56",29,"female","2",41,"deck5","deck1","P-NP",82,1330.00000007451,13,"parity",8,73,15.0000001303852,"good",5,1,"Look ","no",6,7,8,6,7,8,2,3,4,4,3,2,3,4,2,3,4,3,4,3,2,3,4,3,0,2,3,4,3,2,3,4,3,3,4,2,4,3,2,4,3,4,2,3,4,3,4,2,3,4,4,893854
"787","ptZeiguy48WjP56",29,"female","2",41,"deck5","deck1","P-NP",82,1330.00000007451,14,"magnitude",8,73,20.0000000186265,"good",5,1,"Look ","no",6,7,8,6,7,8,2,3,4,4,3,2,3,4,2,3,4,3,4,3,2,3,4,3,0,2,3,4,3,2,3,4,3,3,4,2,4,3,2,4,3,4,2,3,4,3,4,2,3,4,4,894377
"788","ptZeiguy48WjP56",29,"female","2",41,"deck5","deck1","P-NP",82,1330.00000007451,15,"magnitude",2,73,24.0000002086163,"good",5,1,"Look ","no",6,7,8,6,7,8,2,3,4,4,3,2,3,4,2,3,4,3,4,3,2,3,4,3,0,2,3,4,3,2,3,4,3,3,4,2,4,3,2,4,3,4,2,3,4,3,4,2,3,4,4,894903
"789","ptZeiguy48WjP56",29,"female","2",41,"deck5","deck1","P-NP",82,1330.00000007451,16,"magnitude",8,73,20.0000000186265,"good",5,1,"Look ","no",6,7,8,6,7,8,2,3,4,4,3,2,3,4,2,3,4,3,4,3,2,3,4,3,0,2,3,4,3,2,3,4,3,3,4,2,4,3,2,4,3,4,2,3,4,3,4,2,3,4,4,895426
"790","ptZeiguy48WjP56",29,"female","2",42,"deck6","deck2","P-NP",82,754.00000018999,1,"parity",4,73,107.000000309199,"good",5,1,"Look ","no",6,7,8,6,7,8,2,3,4,4,3,2,3,4,2,3,4,3,4,3,2,3,4,3,0,2,3,4,3,2,3,4,3,3,4,2,4,3,2,4,3,4,2,3,4,3,4,2,3,4,4,897795
"791","ptZeiguy48WjP56",29,"female","2",42,"deck6","deck2","P-NP",82,754.00000018999,2,"magnitude",1,69,12.9999998025596,"good",5,1,"Look ","no",6,7,8,6,7,8,2,3,4,4,3,2,3,4,2,3,4,3,4,3,2,3,4,3,0,2,3,4,3,2,3,4,3,3,4,2,4,3,2,4,3,4,2,3,4,3,4,2,3,4,4,898322
"792","ptZeiguy48WjP56",29,"female","2",42,"deck6","deck2","P-NP",82,754.00000018999,3,"parity",8,69,155.999999959022,"good",5,1,"Look ","no",6,7,8,6,7,8,2,3,4,4,3,2,3,4,2,3,4,3,4,3,2,3,4,3,0,2,3,4,3,2,3,4,3,3,4,2,4,3,2,4,3,4,2,3,4,3,4,2,3,4,4,898981
"793","ptZeiguy48WjP56",29,"female","2",42,"deck6","deck2","P-NP",82,754.00000018999,4,"parity",6,73,45.9999996237457,"good",5,1,"Look ","no",6,7,8,6,7,8,2,3,4,4,3,2,3,4,2,3,4,3,4,3,2,3,4,3,0,2,3,4,3,2,3,4,3,3,4,2,4,3,2,4,3,4,2,3,4,3,4,2,3,4,4,899528
"794","ptZeiguy48WjP56",29,"female","2",42,"deck6","deck2","P-NP",82,754.00000018999,5,"parity",7,73,6.00000005215406,"good",5,1,"Look ","no",6,7,8,6,7,8,2,3,4,4,3,2,3,4,2,3,4,3,4,3,2,3,4,3,0,2,3,4,3,2,3,4,3,3,4,2,4,3,2,4,3,4,2,3,4,3,4,2,3,4,4,900039
"795","ptZeiguy48WjP56",29,"female","2",42,"deck6","deck2","P-NP",82,754.00000018999,6,"parity",9,73,3.00000002607703,"good",5,1,"Look ","no",6,7,8,6,7,8,2,3,4,4,3,2,3,4,2,3,4,3,4,3,2,3,4,3,0,2,3,4,3,2,3,4,3,3,4,2,4,3,2,4,3,4,2,3,4,3,4,2,3,4,4,900545
"796","ptZeiguy48WjP56",29,"female","2",42,"deck6","deck2","P-NP",82,754.00000018999,7,"parity",7,69,165.000000037253,"good",5,1,"Look ","no",6,7,8,6,7,8,2,3,4,4,3,2,3,4,2,3,4,3,4,3,2,3,4,3,0,2,3,4,3,2,3,4,3,3,4,2,4,3,2,4,3,4,2,3,4,3,4,2,3,4,4,901213
"797","ptZeiguy48WjP56",29,"female","2",42,"deck6","deck2","P-NP",82,754.00000018999,8,"parity",3,73,113.999999593943,"good",5,1,"Look ","no",6,7,8,6,7,8,2,3,4,4,3,2,3,4,2,3,4,3,4,3,2,3,4,3,0,2,3,4,3,2,3,4,3,3,4,2,4,3,2,4,3,4,2,3,4,3,4,2,3,4,4,901829
"798","ptZeiguy48WjP56",29,"female","2",42,"deck6","deck2","P-NP",82,754.00000018999,9,"parity",4,73,0,"good",5,1,"Look ","no",6,7,8,6,7,8,2,3,4,4,3,2,3,4,2,3,4,3,4,3,2,3,4,3,0,2,3,4,3,2,3,4,3,3,4,2,4,3,2,4,3,4,2,3,4,3,4,2,3,4,4,902331
"799","ptZeiguy48WjP56",29,"female","2",42,"deck6","deck2","P-NP",82,754.00000018999,10,"magnitude",8,69,151.999999769032,"good",5,1,"Look ","no",6,7,8,6,7,8,2,3,4,4,3,2,3,4,2,3,4,3,4,3,2,3,4,3,0,2,3,4,3,2,3,4,3,3,4,2,4,3,2,4,3,4,2,3,4,3,4,2,3,4,4,902986
"800","ptZeiguy48WjP56",29,"female","2",42,"deck6","deck2","P-NP",82,754.00000018999,11,"parity",6,73,101.999999955297,"good",5,1,"Look ","no",6,7,8,6,7,8,2,3,4,4,3,2,3,4,2,3,4,3,4,3,2,3,4,3,0,2,3,4,3,2,3,4,3,3,4,2,4,3,2,4,3,4,2,3,4,3,4,2,3,4,4,903589
"801","ptZeiguy48WjP56",29,"female","2",42,"deck6","deck2","P-NP",82,754.00000018999,12,"magnitude",8,73,22.000000346452,"good",5,1,"Look ","no",6,7,8,6,7,8,2,3,4,4,3,2,3,4,2,3,4,3,4,3,2,3,4,3,0,2,3,4,3,2,3,4,3,3,4,2,4,3,2,4,3,4,2,3,4,3,4,2,3,4,4,904113
"802","ptZeiguy48WjP56",29,"female","2",42,"deck6","deck2","P-NP",82,754.00000018999,13,"parity",4,73,74.0000000223517,"good",5,1,"Look ","no",6,7,8,6,7,8,2,3,4,4,3,2,3,4,2,3,4,3,4,3,2,3,4,3,0,2,3,4,3,2,3,4,3,3,4,2,4,3,2,4,3,4,2,3,4,3,4,2,3,4,4,904690
"803","ptZeiguy48WjP56",29,"female","2",42,"deck6","deck2","P-NP",82,754.00000018999,14,"magnitude",6,73,63.0000000819564,"good",5,1,"Look ","no",6,7,8,6,7,8,2,3,4,4,3,2,3,4,2,3,4,3,4,3,2,3,4,3,0,2,3,4,3,2,3,4,3,3,4,2,4,3,2,4,3,4,2,3,4,3,4,2,3,4,4,905256
"804","ptZeiguy48WjP56",29,"female","2",42,"deck6","deck2","P-NP",82,754.00000018999,15,"parity",8,73,64.0000002458692,"good",5,1,"Look ","no",6,7,8,6,7,8,2,3,4,4,3,2,3,4,2,3,4,3,4,3,2,3,4,3,0,2,3,4,3,2,3,4,3,3,4,2,4,3,2,4,3,4,2,3,4,3,4,2,3,4,4,905823
"805","ptZeiguy48WjP56",29,"female","2",42,"deck6","deck2","P-NP",82,754.00000018999,16,"parity",4,73,38.9999998733401,"good",5,1,"Look ","no",6,7,8,6,7,8,2,3,4,4,3,2,3,4,2,3,4,3,4,3,2,3,4,3,0,2,3,4,3,2,3,4,3,3,4,2,4,3,2,4,3,4,2,3,4,3,4,2,3,4,4,906365
"806","ptZeiguy48WjP56",29,"female","2",43,"deck5","deck2","P-NP",82,731.000000145286,1,"parity",6,73,120.99999981001,"good",5,1,"Look ","no",6,7,8,6,7,8,2,3,4,4,3,2,3,4,2,3,4,3,4,3,2,3,4,3,0,2,3,4,3,2,3,4,3,3,4,2,4,3,2,4,3,4,2,3,4,3,4,2,3,4,4,908734
"807","ptZeiguy48WjP56",29,"female","2",43,"deck5","deck2","P-NP",82,731.000000145286,2,"magnitude",9,73,29.999999795109,"good",5,1,"Look ","no",6,7,8,6,7,8,2,3,4,4,3,2,3,4,2,3,4,3,4,3,2,3,4,3,0,2,3,4,3,2,3,4,3,3,4,2,4,3,2,4,3,4,2,3,4,3,4,2,3,4,4,909367
"808","ptZeiguy48WjP56",29,"female","2",43,"deck5","deck2","P-NP",82,731.000000145286,3,"magnitude",6,69,40.0000000372529,"good",5,1,"Look ","no",6,7,8,6,7,8,2,3,4,4,3,2,3,4,2,3,4,3,4,3,2,3,4,3,0,2,3,4,3,2,3,4,3,3,4,2,4,3,2,4,3,4,2,3,4,3,4,2,3,4,4,909909
"809","ptZeiguy48WjP56",29,"female","2",43,"deck5","deck2","P-NP",82,731.000000145286,4,"parity",4,69,26.0000000707805,"good",5,1,"Look ","no",6,7,8,6,7,8,2,3,4,4,3,2,3,4,2,3,4,3,4,3,2,3,4,3,0,2,3,4,3,2,3,4,3,3,4,2,4,3,2,4,3,4,2,3,4,3,4,2,3,4,4,910437
"810","ptZeiguy48WjP56",29,"female","2",43,"deck5","deck2","P-NP",82,731.000000145286,5,"parity",2,69,55.0000001676381,"good",5,1,"Look ","no",6,7,8,6,7,8,2,3,4,4,3,2,3,4,2,3,4,3,4,3,2,3,4,3,0,2,3,4,3,2,3,4,3,3,4,2,4,3,2,4,3,4,2,3,4,3,4,2,3,4,4,910997
"811","ptZeiguy48WjP56",29,"female","2",43,"deck5","deck2","P-NP",82,731.000000145286,6,"magnitude",6,69,49.000000115484,"good",5,1,"Look ","no",6,7,8,6,7,8,2,3,4,4,3,2,3,4,2,3,4,3,4,3,2,3,4,3,0,2,3,4,3,2,3,4,3,3,4,2,4,3,2,4,3,4,2,3,4,3,4,2,3,4,4,911548
"812","ptZeiguy48WjP56",29,"female","2",43,"deck5","deck2","P-NP",82,731.000000145286,7,"parity",3,69,35.9999998472631,"good",5,1,"Look ","no",6,7,8,6,7,8,2,3,4,4,3,2,3,4,2,3,4,3,4,3,2,3,4,3,0,2,3,4,3,2,3,4,3,3,4,2,4,3,2,4,3,4,2,3,4,3,4,2,3,4,4,912085
"813","ptZeiguy48WjP56",29,"female","2",43,"deck5","deck2","P-NP",82,731.000000145286,8,"parity",9,69,51.9999996758997,"good",5,1,"Look ","no",6,7,8,6,7,8,2,3,4,4,3,2,3,4,2,3,4,3,4,3,2,3,4,3,0,2,3,4,3,2,3,4,3,3,4,2,4,3,2,4,3,4,2,3,4,3,4,2,3,4,4,912639
"814","ptZeiguy48WjP56",29,"female","2",44,"deck2","deck6","P-NP",82,794.999999925494,1,"parity",9,69,135.000000242144,"good",5,1,"Look ","no",6,7,8,6,7,8,2,3,4,4,3,2,3,4,2,3,4,3,4,3,2,3,4,3,0,2,3,4,3,2,3,4,3,3,4,2,4,3,2,4,3,4,2,3,4,3,4,2,3,4,4,915077
"815","ptZeiguy48WjP56",29,"female","2",44,"deck2","deck6","P-NP",82,794.999999925494,2,"magnitude",7,73,98.9999999292195,"good",5,1,"Look ","no",6,7,8,6,7,8,2,3,4,4,3,2,3,4,2,3,4,3,4,3,2,3,4,3,0,2,3,4,3,2,3,4,3,3,4,2,4,3,2,4,3,4,2,3,4,3,4,2,3,4,4,915687
"816","ptZeiguy48WjP56",29,"female","2",44,"deck2","deck6","P-NP",82,794.999999925494,3,"parity",3,73,10.9999999403954,"good",5,1,"Look ","no",6,7,8,6,7,8,2,3,4,4,3,2,3,4,2,3,4,3,4,3,2,3,4,3,0,2,3,4,3,2,3,4,3,3,4,2,4,3,2,4,3,4,2,3,4,3,4,2,3,4,4,916200
"817","ptZeiguy48WjP56",29,"female","2",44,"deck2","deck6","P-NP",82,794.999999925494,4,"magnitude",1,73,7.00000021606684,"good",5,1,"Look ","no",6,7,8,6,7,8,2,3,4,4,3,2,3,4,2,3,4,3,4,3,2,3,4,3,0,2,3,4,3,2,3,4,3,3,4,2,4,3,2,4,3,4,2,3,4,3,4,2,3,4,4,916709
"818","ptZeiguy48WjP56",29,"female","2",44,"deck2","deck6","P-NP",82,794.999999925494,5,"parity",3,69,158.999999985099,"good",5,1,"Look ","no",6,7,8,6,7,8,2,3,4,4,3,2,3,4,2,3,4,3,4,3,2,3,4,3,0,2,3,4,3,2,3,4,3,3,4,2,4,3,2,4,3,4,2,3,4,3,4,2,3,4,4,917368
"819","ptZeiguy48WjP56",29,"female","2",44,"deck2","deck6","P-NP",82,794.999999925494,6,"magnitude",2,73,67.0000002719462,"good",5,1,"Look ","no",6,7,8,6,7,8,2,3,4,4,3,2,3,4,2,3,4,3,4,3,2,3,4,3,0,2,3,4,3,2,3,4,3,3,4,2,4,3,2,4,3,4,2,3,4,3,4,2,3,4,4,917939
"820","ptZeiguy48WjP56",29,"female","2",44,"deck2","deck6","P-NP",82,794.999999925494,7,"parity",3,69,89.9999998509884,"good",5,1,"Look ","no",6,7,8,6,7,8,2,3,4,4,3,2,3,4,2,3,4,3,4,3,2,3,4,3,0,2,3,4,3,2,3,4,3,3,4,2,4,3,2,4,3,4,2,3,4,3,4,2,3,4,4,918533
"821","ptZeiguy48WjP56",29,"female","2",44,"deck2","deck6","P-NP",82,794.999999925494,8,"magnitude",7,69,116.99999962002,"good",5,1,"Look ","no",6,7,8,6,7,8,2,3,4,4,3,2,3,4,2,3,4,3,4,3,2,3,4,3,0,2,3,4,3,2,3,4,3,3,4,2,4,3,2,4,3,4,2,3,4,3,4,2,3,4,4,919150
"822","ptZeiguy48WjP56",29,"female","2",44,"deck2","deck6","P-NP",82,794.999999925494,9,"parity",3,73,61.9999999180436,"good",5,1,"Look ","no",6,7,8,6,7,8,2,3,4,4,3,2,3,4,2,3,4,3,4,3,2,3,4,3,0,2,3,4,3,2,3,4,3,3,4,2,4,3,2,4,3,4,2,3,4,3,4,2,3,4,4,919725
"823","ptZeiguy48WjP56",29,"female","2",44,"deck2","deck6","P-NP",82,794.999999925494,10,"magnitude",8,73,3.00000002607703,"good",5,1,"Look ","no",6,7,8,6,7,8,2,3,4,4,3,2,3,4,2,3,4,3,4,3,2,3,4,3,0,2,3,4,3,2,3,4,3,3,4,2,4,3,2,4,3,4,2,3,4,3,4,2,3,4,4,920235
"824","ptZeiguy48WjP56",29,"female","2",44,"deck2","deck6","P-NP",82,794.999999925494,11,"parity",3,73,12.9999998025596,"good",5,1,"Look ","no",6,7,8,6,7,8,2,3,4,4,3,2,3,4,2,3,4,3,4,3,2,3,4,3,0,2,3,4,3,2,3,4,3,3,4,2,4,3,2,4,3,4,2,3,4,3,4,2,3,4,4,920751
"825","ptZeiguy48WjP56",29,"female","2",44,"deck2","deck6","P-NP",82,794.999999925494,12,"parity",6,69,67.0000002719462,"good",5,1,"Look ","no",6,7,8,6,7,8,2,3,4,4,3,2,3,4,2,3,4,3,4,3,2,3,4,3,0,2,3,4,3,2,3,4,3,3,4,2,4,3,2,4,3,4,2,3,4,3,4,2,3,4,4,921320
"826","ptZeiguy48WjP56",29,"female","2",45,"deck2","deck1","NP-NP",82,650.999999605119,1,"parity",9,69,197.999999858439,"good",5,1,"Look ","no",6,7,8,6,7,8,2,3,4,4,3,2,3,4,2,3,4,3,4,3,2,3,4,3,0,2,3,4,3,2,3,4,3,3,4,2,4,3,2,4,3,4,2,3,4,3,4,2,3,4,4,923673
"827","ptZeiguy48WjP56",29,"female","2",45,"deck2","deck1","NP-NP",82,650.999999605119,2,"magnitude",9,73,49.9999998137355,"good",5,1,"Look ","no",6,7,8,6,7,8,2,3,4,4,3,2,3,4,2,3,4,3,4,3,2,3,4,3,0,2,3,4,3,2,3,4,3,3,4,2,4,3,2,4,3,4,2,3,4,3,4,2,3,4,4,924225
"828","ptZeiguy48WjP56",29,"female","2",45,"deck2","deck1","NP-NP",82,650.999999605119,3,"magnitude",8,73,33.9999999850988,"good",5,1,"Look ","no",6,7,8,6,7,8,2,3,4,4,3,2,3,4,2,3,4,3,4,3,2,3,4,3,0,2,3,4,3,2,3,4,3,3,4,2,4,3,2,4,3,4,2,3,4,3,4,2,3,4,4,924761
"829","ptZeiguy48WjP56",29,"female","2",45,"deck2","deck1","NP-NP",82,650.999999605119,4,"magnitude",1,69,161.000000312924,"good",5,1,"Look ","no",6,7,8,6,7,8,2,3,4,4,3,2,3,4,2,3,4,3,4,3,2,3,4,3,0,2,3,4,3,2,3,4,3,3,4,2,4,3,2,4,3,4,2,3,4,3,4,2,3,4,4,925428
"830","ptZeiguy48WjP56",29,"female","2",45,"deck2","deck1","NP-NP",82,650.999999605119,5,"magnitude",2,69,43.0000000633299,"good",5,1,"Look ","no",6,7,8,6,7,8,2,3,4,4,3,2,3,4,2,3,4,3,4,3,2,3,4,3,0,2,3,4,3,2,3,4,3,3,4,2,4,3,2,4,3,4,2,3,4,3,4,2,3,4,4,925976
"831","ptZeiguy48WjP56",29,"female","2",45,"deck2","deck1","NP-NP",82,650.999999605119,6,"magnitude",8,73,100.999999791384,"good",5,1,"Look ","no",6,7,8,6,7,8,2,3,4,4,3,2,3,4,2,3,4,3,4,3,2,3,4,3,0,2,3,4,3,2,3,4,3,3,4,2,4,3,2,4,3,4,2,3,4,3,4,2,3,4,4,926581
"832","ptZeiguy48WjP56",29,"female","2",45,"deck2","deck1","NP-NP",82,650.999999605119,7,"magnitude",4,73,30.0000002607703,"good",5,1,"Look ","no",6,7,8,6,7,8,2,3,4,4,3,2,3,4,2,3,4,3,4,3,2,3,4,3,0,2,3,4,3,2,3,4,3,3,4,2,4,3,2,4,3,4,2,3,4,3,4,2,3,4,4,927115
"833","ptZeiguy48WjP56",29,"female","2",45,"deck2","deck1","NP-NP",82,650.999999605119,8,"magnitude",2,73,64.0000002458692,"good",5,1,"Look ","no",6,7,8,6,7,8,2,3,4,4,3,2,3,4,2,3,4,3,4,3,2,3,4,3,0,2,3,4,3,2,3,4,3,3,4,2,4,3,2,4,3,4,2,3,4,3,4,2,3,4,4,927681
"834","ptZeiguy48WjP56",29,"female","2",45,"deck2","deck1","NP-NP",82,650.999999605119,9,"magnitude",8,73,77.0000000484288,"good",5,1,"Look ","no",6,7,8,6,7,8,2,3,4,4,3,2,3,4,2,3,4,3,4,3,2,3,4,3,0,2,3,4,3,2,3,4,3,3,4,2,4,3,2,4,3,4,2,3,4,3,4,2,3,4,4,928260
"835","ptZeiguy48WjP56",29,"female","2",45,"deck2","deck1","NP-NP",82,650.999999605119,10,"magnitude",3,73,124.000000301749,"good",5,1,"Look ","no",6,7,8,6,7,8,2,3,4,4,3,2,3,4,2,3,4,3,4,3,2,3,4,3,0,2,3,4,3,2,3,4,3,3,4,2,4,3,2,4,3,4,2,3,4,3,4,2,3,4,4,928885
"836","ptZeiguy48WjP56",29,"female","2",45,"deck2","deck1","NP-NP",82,650.999999605119,11,"magnitude",8,73,131.000000052154,"good",5,1,"Look ","no",6,7,8,6,7,8,2,3,4,4,3,2,3,4,2,3,4,3,4,3,2,3,4,3,0,2,3,4,3,2,3,4,3,3,4,2,4,3,2,4,3,4,2,3,4,3,4,2,3,4,4,929517
"837","ptZeiguy48WjP56",29,"female","2",45,"deck2","deck1","NP-NP",82,650.999999605119,12,"magnitude",1,69,10.9999999403954,"good",5,1,"Look ","no",6,7,8,6,7,8,2,3,4,4,3,2,3,4,2,3,4,3,4,3,2,3,4,3,0,2,3,4,3,2,3,4,3,3,4,2,4,3,2,4,3,4,2,3,4,3,4,2,3,4,4,930032
"838","ptZeiguy48WjP56",29,"female","2",45,"deck2","deck1","NP-NP",82,650.999999605119,13,"magnitude",8,69,154.000000096858,"good",5,1,"Look ","no",6,7,8,6,7,8,2,3,4,4,3,2,3,4,2,3,4,3,4,3,2,3,4,3,0,2,3,4,3,2,3,4,3,3,4,2,4,3,2,4,3,4,2,3,4,3,4,2,3,4,4,930689
"839","ptZeiguy48WjP56",29,"female","2",46,"deck2","deck4","P-NP",82,643.000000156462,1,"magnitude",6,73,64.9999999441206,"good",5,1,"Look ","no",6,7,8,6,7,8,2,3,4,4,3,2,3,4,2,3,4,3,4,3,2,3,4,3,0,2,3,4,3,2,3,4,3,3,4,2,4,3,2,4,3,4,2,3,4,3,4,2,3,4,4,932906
"840","ptZeiguy48WjP56",29,"female","2",46,"deck2","deck4","P-NP",82,643.000000156462,2,"magnitude",7,69,138.999999966472,"good",5,1,"Look ","no",6,7,8,6,7,8,2,3,4,4,3,2,3,4,2,3,4,3,4,3,2,3,4,3,0,2,3,4,3,2,3,4,3,3,4,2,4,3,2,4,3,4,2,3,4,3,4,2,3,4,4,933548
"841","ptZeiguy48WjP56",29,"female","2",46,"deck2","deck4","P-NP",82,643.000000156462,3,"magnitude",4,73,112.00000019744,"good",5,1,"Look ","no",6,7,8,6,7,8,2,3,4,4,3,2,3,4,2,3,4,3,4,3,2,3,4,3,0,2,3,4,3,2,3,4,3,3,4,2,4,3,2,4,3,4,2,3,4,3,4,2,3,4,4,934161
"842","ptZeiguy48WjP56",29,"female","2",46,"deck2","deck4","P-NP",82,643.000000156462,4,"magnitude",4,73,15.0000001303852,"good",5,1,"Look ","no",6,7,8,6,7,8,2,3,4,4,3,2,3,4,2,3,4,3,4,3,2,3,4,3,0,2,3,4,3,2,3,4,3,3,4,2,4,3,2,4,3,4,2,3,4,3,4,2,3,4,4,934677
"843","ptZeiguy48WjP56",29,"female","2",46,"deck2","deck4","P-NP",82,643.000000156462,5,"magnitude",2,73,12.0000001043081,"good",5,1,"Look ","no",6,7,8,6,7,8,2,3,4,4,3,2,3,4,2,3,4,3,4,3,2,3,4,3,0,2,3,4,3,2,3,4,3,3,4,2,4,3,2,4,3,4,2,3,4,3,4,2,3,4,4,935191
"844","ptZeiguy48WjP56",29,"female","2",46,"deck2","deck4","P-NP",82,643.000000156462,6,"magnitude",8,73,64.0000002458692,"good",5,1,"Look ","no",6,7,8,6,7,8,2,3,4,4,3,2,3,4,2,3,4,3,4,3,2,3,4,3,0,2,3,4,3,2,3,4,3,3,4,2,4,3,2,4,3,4,2,3,4,3,4,2,3,4,4,935757
"845","ptZeiguy48WjP56",29,"female","2",46,"deck2","deck4","P-NP",82,643.000000156462,7,"magnitude",7,73,28.0000003986061,"good",5,1,"Look ","no",6,7,8,6,7,8,2,3,4,4,3,2,3,4,2,3,4,3,4,3,2,3,4,3,0,2,3,4,3,2,3,4,3,3,4,2,4,3,2,4,3,4,2,3,4,3,4,2,3,4,4,936287
"846","ptZeiguy48WjP56",29,"female","2",46,"deck2","deck4","P-NP",82,643.000000156462,8,"magnitude",2,73,40.9999997355044,"good",5,1,"Look ","no",6,7,8,6,7,8,2,3,4,4,3,2,3,4,2,3,4,3,4,3,2,3,4,3,0,2,3,4,3,2,3,4,3,3,4,2,4,3,2,4,3,4,2,3,4,3,4,2,3,4,4,936832
"847","ptZeiguy48WjP56",29,"female","2",46,"deck2","deck4","P-NP",82,643.000000156462,9,"magnitude",2,73,1.00000016391277,"good",5,1,"Look ","no",6,7,8,6,7,8,2,3,4,4,3,2,3,4,2,3,4,3,4,3,2,3,4,3,0,2,3,4,3,2,3,4,3,3,4,2,4,3,2,4,3,4,2,3,4,3,4,2,3,4,4,937337
"848","ptZeiguy48WjP56",29,"female","2",46,"deck2","deck4","P-NP",82,643.000000156462,10,"magnitude",2,69,113.000000361353,"good",5,1,"Look ","no",6,7,8,6,7,8,2,3,4,4,3,2,3,4,2,3,4,3,4,3,2,3,4,3,0,2,3,4,3,2,3,4,3,3,4,2,4,3,2,4,3,4,2,3,4,3,4,2,3,4,4,938033
"849","ptZeiguy48WjP56",29,"female","2",46,"deck2","deck4","P-NP",82,643.000000156462,11,"parity",8,73,77.0000000484288,"good",5,1,"Look ","no",6,7,8,6,7,8,2,3,4,4,3,2,3,4,2,3,4,3,4,3,2,3,4,3,0,2,3,4,3,2,3,4,3,3,4,2,4,3,2,4,3,4,2,3,4,3,4,2,3,4,4,938611
"850","ptZeiguy48WjP56",29,"female","2",46,"deck2","deck4","P-NP",82,643.000000156462,12,"parity",4,73,14.9999996647239,"good",5,1,"Look ","no",6,7,8,6,7,8,2,3,4,4,3,2,3,4,2,3,4,3,4,3,2,3,4,3,0,2,3,4,3,2,3,4,3,3,4,2,4,3,2,4,3,4,2,3,4,3,4,2,3,4,4,939128
"851","ptZeiguy48WjP56",29,"female","2",46,"deck2","deck4","P-NP",82,643.000000156462,13,"parity",7,73,2.99999956041574,"good",5,1,"Look ","no",6,7,8,6,7,8,2,3,4,4,3,2,3,4,2,3,4,3,4,3,2,3,4,3,0,2,3,4,3,2,3,4,3,3,4,2,4,3,2,4,3,4,2,3,4,3,4,2,3,4,4,939633
"852","ptZeiguy48WjP56",29,"female","2",46,"deck2","deck4","P-NP",82,643.000000156462,14,"parity",8,73,32.0000001229346,"good",5,1,"Look ","no",6,7,8,6,7,8,2,3,4,4,3,2,3,4,2,3,4,3,4,3,2,3,4,3,0,2,3,4,3,2,3,4,3,3,4,2,4,3,2,4,3,4,2,3,4,3,4,2,3,4,4,940191
"853","ptZeiguy48WjP56",29,"female","2",47,"deck1","deck4","P-NP",82,665.999999735504,1,"parity",7,73,38.0000001750886,"good",5,1,"Look ","no",6,7,8,6,7,8,2,3,4,4,3,2,3,4,2,3,4,3,4,3,2,3,4,3,0,2,3,4,3,2,3,4,3,3,4,2,4,3,2,4,3,4,2,3,4,3,4,2,3,4,4,942409
"854","ptZeiguy48WjP56",29,"female","2",47,"deck1","deck4","P-NP",82,665.999999735504,2,"parity",1,69,1.00000016391277,"good",5,1,"Look ","no",6,7,8,6,7,8,2,3,4,4,3,2,3,4,2,3,4,3,4,3,2,3,4,3,0,2,3,4,3,2,3,4,3,3,4,2,4,3,2,4,3,4,2,3,4,3,4,2,3,4,4,942927
"855","ptZeiguy48WjP56",29,"female","2",47,"deck1","deck4","P-NP",82,665.999999735504,3,"parity",7,69,2274.99999990687,"good",5,1,"Look ","no",6,7,8,6,7,8,2,3,4,4,3,2,3,4,2,3,4,3,4,3,2,3,4,3,0,2,3,4,3,2,3,4,3,3,4,2,4,3,2,4,3,4,2,3,4,3,4,2,3,4,4,945703
"856","ptZeiguy48WjP56",29,"female","2",47,"deck1","deck4","P-NP",82,665.999999735504,4,"parity",2,69,125,"good",5,1,"Look ","no",6,7,8,6,7,8,2,3,4,4,3,2,3,4,2,3,4,3,4,3,2,3,4,3,0,2,3,4,3,2,3,4,3,3,4,2,4,3,2,4,3,4,2,3,4,3,4,2,3,4,4,946331
"857","ptZeiguy48WjP56",29,"female","2",47,"deck1","deck4","P-NP",82,665.999999735504,5,"parity",3,73,0,"good",5,1,"Look ","no",6,7,8,6,7,8,2,3,4,4,3,2,3,4,2,3,4,3,4,3,2,3,4,3,0,2,3,4,3,2,3,4,3,3,4,2,4,3,2,4,3,4,2,3,4,3,4,2,3,4,4,946840
"858","ptZeiguy48WjP56",29,"female","2",47,"deck1","deck4","P-NP",82,665.999999735504,6,"magnitude",9,69,32.0000001229346,"good",5,1,"Look ","no",6,7,8,6,7,8,2,3,4,4,3,2,3,4,2,3,4,3,4,3,2,3,4,3,0,2,3,4,3,2,3,4,3,3,4,2,4,3,2,4,3,4,2,3,4,3,4,2,3,4,4,947374
"859","ptZeiguy48WjP56",29,"female","2",47,"deck1","deck4","P-NP",82,665.999999735504,7,"magnitude",4,69,6.99999975040555,"good",5,1,"Look ","no",6,7,8,6,7,8,2,3,4,4,3,2,3,4,2,3,4,3,4,3,2,3,4,3,0,2,3,4,3,2,3,4,3,3,4,2,4,3,2,4,3,4,2,3,4,3,4,2,3,4,4,948013
"860","ptZeiguy48WjP56",29,"female","2",47,"deck1","deck4","P-NP",82,665.999999735504,8,"magnitude",3,69,72.0000001601875,"good",5,1,"Look ","no",6,7,8,6,7,8,2,3,4,4,3,2,3,4,2,3,4,3,4,3,2,3,4,3,0,2,3,4,3,2,3,4,3,3,4,2,4,3,2,4,3,4,2,3,4,3,4,2,3,4,4,948590
"861","ptZeiguy48WjP56",29,"female","2",47,"deck1","deck4","P-NP",82,665.999999735504,9,"magnitude",6,73,26.0000000707805,"good",5,1,"Look ","no",6,7,8,6,7,8,2,3,4,4,3,2,3,4,2,3,4,3,4,3,2,3,4,3,0,2,3,4,3,2,3,4,3,3,4,2,4,3,2,4,3,4,2,3,4,3,4,2,3,4,4,949118
"862","ptZeiguy48WjP56",29,"female","2",47,"deck1","deck4","P-NP",82,665.999999735504,10,"magnitude",2,69,23.0000000447035,"good",5,1,"Look ","no",6,7,8,6,7,8,2,3,4,4,3,2,3,4,2,3,4,3,4,3,2,3,4,3,0,2,3,4,3,2,3,4,3,3,4,2,4,3,2,4,3,4,2,3,4,3,4,2,3,4,4,949644
"863","ptZeiguy48WjP56",29,"female","2",47,"deck1","deck4","P-NP",82,665.999999735504,11,"magnitude",8,69,123.999999836087,"good",5,1,"Look ","no",6,7,8,6,7,8,2,3,4,4,3,2,3,4,2,3,4,3,4,3,2,3,4,3,0,2,3,4,3,2,3,4,3,3,4,2,4,3,2,4,3,4,2,3,4,3,4,2,3,4,4,950272
"864","ptZeiguy48WjP56",29,"female","2",47,"deck1","deck4","P-NP",82,665.999999735504,12,"magnitude",9,73,7.99999991431832,"good",5,1,"Look ","no",6,7,8,6,7,8,2,3,4,4,3,2,3,4,2,3,4,3,4,3,2,3,4,3,0,2,3,4,3,2,3,4,3,3,4,2,4,3,2,4,3,4,2,3,4,3,4,2,3,4,4,950795
"865","ptZeiguy48WjP56",29,"female","2",47,"deck1","deck4","P-NP",82,665.999999735504,13,"magnitude",6,73,117.999999783933,"good",5,1,"Look ","no",6,7,8,6,7,8,2,3,4,4,3,2,3,4,2,3,4,3,4,3,2,3,4,3,0,2,3,4,3,2,3,4,3,3,4,2,4,3,2,4,3,4,2,3,4,3,4,2,3,4,4,951415
"866","ptZeiguy48WjP56",29,"female","2",47,"deck1","deck4","P-NP",82,665.999999735504,14,"parity",2,69,81.9999999366701,"good",5,1,"Look ","no",6,7,8,6,7,8,2,3,4,4,3,2,3,4,2,3,4,3,4,3,2,3,4,3,0,2,3,4,3,2,3,4,3,3,4,2,4,3,2,4,3,4,2,3,4,3,4,2,3,4,4,952000
"867","ptZeiguy48WjP56",29,"female","2",47,"deck1","deck4","P-NP",82,665.999999735504,15,"parity",3,69,146.999999880791,"good",5,1,"Look ","no",6,7,8,6,7,8,2,3,4,4,3,2,3,4,2,3,4,3,4,3,2,3,4,3,0,2,3,4,3,2,3,4,3,3,4,2,4,3,2,4,3,4,2,3,4,3,4,2,3,4,4,952651
"868","ptZeiguy48WjP56",29,"female","2",47,"deck1","deck4","P-NP",82,665.999999735504,16,"parity",6,73,20.0000000186265,"good",5,1,"Look ","no",6,7,8,6,7,8,2,3,4,4,3,2,3,4,2,3,4,3,4,3,2,3,4,3,0,2,3,4,3,2,3,4,3,3,4,2,4,3,2,4,3,4,2,3,4,3,4,2,3,4,4,953172
"869","ptZeiguy48WjP56",29,"female","2",48,"deck4","deck3","P-NP",82,1504.00000018999,1,"magnitude",1,69,23.999999742955,"good",5,1,"Look ","no",6,7,8,6,7,8,2,3,4,4,3,2,3,4,2,3,4,3,4,3,2,3,4,3,0,2,3,4,3,2,3,4,3,3,4,2,4,3,2,4,3,4,2,3,4,3,4,2,3,4,4,956215
"870","ptZeiguy48WjP56",29,"female","2",48,"deck4","deck3","P-NP",82,1504.00000018999,2,"parity",4,73,41.9999998994172,"good",5,1,"Look ","no",6,7,8,6,7,8,2,3,4,4,3,2,3,4,2,3,4,3,4,3,2,3,4,3,0,2,3,4,3,2,3,4,3,3,4,2,4,3,2,4,3,4,2,3,4,3,4,2,3,4,4,956760
"871","ptZeiguy48WjP56",29,"female","2",48,"deck4","deck3","P-NP",82,1504.00000018999,3,"magnitude",1,69,108.999999705702,"good",5,1,"Look ","no",6,7,8,6,7,8,2,3,4,4,3,2,3,4,2,3,4,3,4,3,2,3,4,3,0,2,3,4,3,2,3,4,3,3,4,2,4,3,2,4,3,4,2,3,4,3,4,2,3,4,4,957372
"872","ptZeiguy48WjP56",29,"female","2",48,"deck4","deck3","P-NP",82,1504.00000018999,4,"parity",8,73,1.99999986216426,"good",5,1,"Look ","no",6,7,8,6,7,8,2,3,4,4,3,2,3,4,2,3,4,3,4,3,2,3,4,3,0,2,3,4,3,2,3,4,3,3,4,2,4,3,2,4,3,4,2,3,4,3,4,2,3,4,4,957882
"873","ptZeiguy48WjP56",29,"female","2",48,"deck4","deck3","P-NP",82,1504.00000018999,5,"magnitude",7,69,110.000000335276,"good",5,1,"Look ","no",6,7,8,6,7,8,2,3,4,4,3,2,3,4,2,3,4,3,4,3,2,3,4,3,0,2,3,4,3,2,3,4,3,3,4,2,4,3,2,4,3,4,2,3,4,3,4,2,3,4,4,958496
"874","ptZeiguy48WjP56",29,"female","2",48,"deck4","deck3","P-NP",82,1504.00000018999,6,"parity",9,73,18.9999998547137,"good",5,1,"Look ","no",6,7,8,6,7,8,2,3,4,4,3,2,3,4,2,3,4,3,4,3,2,3,4,3,0,2,3,4,3,2,3,4,3,3,4,2,4,3,2,4,3,4,2,3,4,3,4,2,3,4,4,959017
"875","ptZeiguy48WjP56",29,"female","2",48,"deck4","deck3","P-NP",82,1504.00000018999,7,"magnitude",2,69,144.999999552965,"good",5,1,"Look ","no",6,7,8,6,7,8,2,3,4,4,3,2,3,4,2,3,4,3,4,3,2,3,4,3,0,2,3,4,3,2,3,4,3,3,4,2,4,3,2,4,3,4,2,3,4,3,4,2,3,4,4,959667
"876","ptZeiguy48WjP56",29,"female","2",48,"deck4","deck3","P-NP",82,1504.00000018999,8,"parity",3,73,152.000000234693,"good",5,1,"Look ","no",6,7,8,6,7,8,2,3,4,4,3,2,3,4,2,3,4,3,4,3,2,3,4,3,0,2,3,4,3,2,3,4,3,3,4,2,4,3,2,4,3,4,2,3,4,3,4,2,3,4,4,960322
"877","ptZeiguy48WjP56",29,"female","2",48,"deck4","deck3","P-NP",82,1504.00000018999,9,"parity",1,69,128.000000026077,"good",5,1,"Look ","no",6,7,8,6,7,8,2,3,4,4,3,2,3,4,2,3,4,3,4,3,2,3,4,3,0,2,3,4,3,2,3,4,3,3,4,2,4,3,2,4,3,4,2,3,4,3,4,2,3,4,4,960955
"878","ptZeiguy48WjP56",29,"female","2",48,"deck4","deck3","P-NP",82,1504.00000018999,10,"magnitude",4,73,195.000000298023,"good",5,1,"Look ","no",6,7,8,6,7,8,2,3,4,4,3,2,3,4,2,3,4,3,4,3,2,3,4,3,0,2,3,4,3,2,3,4,3,3,4,2,4,3,2,4,3,4,2,3,4,3,4,2,3,4,4,961652
"879","ptZeiguy48WjP56",29,"female","2",48,"deck4","deck3","P-NP",82,1504.00000018999,11,"parity",2,69,83.0000001005828,"good",5,1,"Look ","no",6,7,8,6,7,8,2,3,4,4,3,2,3,4,2,3,4,3,4,3,2,3,4,3,0,2,3,4,3,2,3,4,3,3,4,2,4,3,2,4,3,4,2,3,4,3,4,2,3,4,4,962237
"880","ptZeiguy48WjP56",29,"female","2",48,"deck4","deck3","P-NP",82,1504.00000018999,12,"magnitude",2,73,9.0000000782311,"good",5,1,"Look ","no",6,7,8,6,7,8,2,3,4,4,3,2,3,4,2,3,4,3,4,3,2,3,4,3,0,2,3,4,3,2,3,4,3,3,4,2,4,3,2,4,3,4,2,3,4,3,4,2,3,4,4,962748
"881","ptZeiguy48WjP56",29,"female","2",48,"deck4","deck3","P-NP",82,1504.00000018999,13,"parity",7,69,128.000000026077,"good",5,1,"Look ","no",6,7,8,6,7,8,2,3,4,4,3,2,3,4,2,3,4,3,4,3,2,3,4,3,0,2,3,4,3,2,3,4,3,3,4,2,4,3,2,4,3,4,2,3,4,3,4,2,3,4,4,963379
"882","ptZeiguy48WjP56",29,"female","2",48,"deck4","deck3","P-NP",82,1504.00000018999,14,"magnitude",1,69,4.99999988824129,"good",5,1,"Look ","no",6,7,8,6,7,8,2,3,4,4,3,2,3,4,2,3,4,3,4,3,2,3,4,3,0,2,3,4,3,2,3,4,3,3,4,2,4,3,2,4,3,4,2,3,4,3,4,2,3,4,4,963887
"883","ptZeiguy48WjP56",29,"female","2",48,"deck4","deck3","P-NP",82,1504.00000018999,15,"parity",9,73,46.9999997876585,"good",5,1,"Look ","no",6,7,8,6,7,8,2,3,4,4,3,2,3,4,2,3,4,3,4,3,2,3,4,3,0,2,3,4,3,2,3,4,3,3,4,2,4,3,2,4,3,4,2,3,4,3,4,2,3,4,4,964434
"884","ptZeiguy48WjP56",29,"female","2",48,"deck4","deck3","P-NP",82,1504.00000018999,16,"magnitude",7,69,137.99999980256,"good",5,1,"Look ","no",6,7,8,6,7,8,2,3,4,4,3,2,3,4,2,3,4,3,4,3,2,3,4,3,0,2,3,4,3,2,3,4,3,3,4,2,4,3,2,4,3,4,2,3,4,3,4,2,3,4,4,965073
"885","ptZeiguy48WjP56",29,"female","2",49,"deck5","deck6","P-P",82,782.000000122935,1,"parity",4,69,100.000000093132,"good",5,1,"Look ","no",6,7,8,6,7,8,2,3,4,4,3,2,3,4,2,3,4,3,4,3,2,3,4,3,0,2,3,4,3,2,3,4,3,3,4,2,4,3,2,4,3,4,2,3,4,3,4,2,3,4,4,967464
"886","ptZeiguy48WjP56",29,"female","2",49,"deck5","deck6","P-P",82,782.000000122935,2,"magnitude",9,73,16.9999999925494,"good",5,1,"Look ","no",6,7,8,6,7,8,2,3,4,4,3,2,3,4,2,3,4,3,4,3,2,3,4,3,0,2,3,4,3,2,3,4,3,3,4,2,4,3,2,4,3,4,2,3,4,3,4,2,3,4,4,967986
"887","ptZeiguy48WjP56",29,"female","2",49,"deck5","deck6","P-P",82,782.000000122935,3,"parity",7,69,117.999999783933,"good",5,1,"Look ","no",6,7,8,6,7,8,2,3,4,4,3,2,3,4,2,3,4,3,4,3,2,3,4,3,0,2,3,4,3,2,3,4,3,3,4,2,4,3,2,4,3,4,2,3,4,3,4,2,3,4,4,968607
"888","ptZeiguy48WjP56",29,"female","2",49,"deck5","deck6","P-P",82,782.000000122935,4,"magnitude",6,73,69.0000001341105,"good",5,1,"Look ","no",6,7,8,6,7,8,2,3,4,4,3,2,3,4,2,3,4,3,4,3,2,3,4,3,0,2,3,4,3,2,3,4,3,3,4,2,4,3,2,4,3,4,2,3,4,3,4,2,3,4,4,969178
"889","ptZeiguy48WjP56",29,"female","2",49,"deck5","deck6","P-P",82,782.000000122935,5,"parity",1,73,33.9999999850988,"good",5,1,"Look ","no",6,7,8,6,7,8,2,3,4,4,3,2,3,4,2,3,4,3,4,3,2,3,4,3,0,2,3,4,3,2,3,4,3,3,4,2,4,3,2,4,3,4,2,3,4,3,4,2,3,4,4,969712
"890","ptZeiguy48WjP56",29,"female","2",49,"deck5","deck6","P-P",82,782.000000122935,6,"magnitude",9,69,122.999999672174,"good",5,1,"Look ","no",6,7,8,6,7,8,2,3,4,4,3,2,3,4,2,3,4,3,4,3,2,3,4,3,0,2,3,4,3,2,3,4,3,3,4,2,4,3,2,4,3,4,2,3,4,3,4,2,3,4,4,970345
"891","ptZeiguy48WjP56",29,"female","2",49,"deck5","deck6","P-P",82,782.000000122935,7,"magnitude",6,73,91.9999997131526,"good",5,1,"Look ","no",6,7,8,6,7,8,2,3,4,4,3,2,3,4,2,3,4,3,4,3,2,3,4,3,0,2,3,4,3,2,3,4,3,3,4,2,4,3,2,4,3,4,2,3,4,3,4,2,3,4,4,970940
"892","ptZeiguy48WjP56",29,"female","2",49,"deck5","deck6","P-P",82,782.000000122935,8,"parity",7,69,100.000000093132,"good",5,1,"Look ","no",6,7,8,6,7,8,2,3,4,4,3,2,3,4,2,3,4,3,4,3,2,3,4,3,0,2,3,4,3,2,3,4,3,3,4,2,4,3,2,4,3,4,2,3,4,3,4,2,3,4,4,971543
"893","ptZeiguy48WjP56",29,"female","2",49,"deck5","deck6","P-P",82,782.000000122935,9,"magnitude",7,69,452.000000048429,"good",5,1,"Look ","no",6,7,8,6,7,8,2,3,4,4,3,2,3,4,2,3,4,3,4,3,2,3,4,3,0,2,3,4,3,2,3,4,3,3,4,2,4,3,2,4,3,4,2,3,4,3,4,2,3,4,4,972498
"894","ptZeiguy48WjP56",29,"female","2",49,"deck5","deck6","P-P",82,782.000000122935,10,"parity",7,69,128.000000026077,"good",5,1,"Look ","no",6,7,8,6,7,8,2,3,4,4,3,2,3,4,2,3,4,3,4,3,2,3,4,3,0,2,3,4,3,2,3,4,3,3,4,2,4,3,2,4,3,4,2,3,4,3,4,2,3,4,4,973128
"895","ptZeiguy48WjP56",29,"female","2",49,"deck5","deck6","P-P",82,782.000000122935,11,"magnitude",2,73,80.0000000745058,"good",5,1,"Look ","no",6,7,8,6,7,8,2,3,4,4,3,2,3,4,2,3,4,3,4,3,2,3,4,3,0,2,3,4,3,2,3,4,3,3,4,2,4,3,2,4,3,4,2,3,4,3,4,2,3,4,4,973710
"896","ptZeiguy48WjP56",29,"female","2",49,"deck5","deck6","P-P",82,782.000000122935,12,"parity",8,69,135.999999940395,"good",5,1,"Look ","no",6,7,8,6,7,8,2,3,4,4,3,2,3,4,2,3,4,3,4,3,2,3,4,3,0,2,3,4,3,2,3,4,3,3,4,2,4,3,2,4,3,4,2,3,4,3,4,2,3,4,4,974351
"897","ptZeiguy48WjP56",29,"female","2",49,"deck5","deck6","P-P",82,782.000000122935,13,"magnitude",2,73,93.0000003427267,"good",5,1,"Look ","no",6,7,8,6,7,8,2,3,4,4,3,2,3,4,2,3,4,3,4,3,2,3,4,3,0,2,3,4,3,2,3,4,3,3,4,2,4,3,2,4,3,4,2,3,4,3,4,2,3,4,4,974945
"898","ptZeiguy48WjP56",29,"female","2",49,"deck5","deck6","P-P",82,782.000000122935,14,"parity",3,69,75.999999884516,"good",5,1,"Look ","no",6,7,8,6,7,8,2,3,4,4,3,2,3,4,2,3,4,3,4,3,2,3,4,3,0,2,3,4,3,2,3,4,3,3,4,2,4,3,2,4,3,4,2,3,4,3,4,2,3,4,4,975532
"899","ptZeiguy48WjP56",29,"female","2",49,"deck5","deck6","P-P",82,782.000000122935,15,"magnitude",2,73,180.99999986589,"good",5,1,"Look ","no",6,7,8,6,7,8,2,3,4,4,3,2,3,4,2,3,4,3,4,3,2,3,4,3,0,2,3,4,3,2,3,4,3,3,4,2,4,3,2,4,3,4,2,3,4,3,4,2,3,4,4,976216
"900","ptZeiguy48WjP56",29,"female","2",49,"deck5","deck6","P-P",82,782.000000122935,16,"parity",6,73,104.999999981374,"good",5,1,"Look ","no",6,7,8,6,7,8,2,3,4,4,3,2,3,4,2,3,4,3,4,3,2,3,4,3,0,2,3,4,3,2,3,4,3,3,4,2,4,3,2,4,3,4,2,3,4,3,4,2,3,4,4,976821
"901","ptZeiguy48WjP56",29,"female","2",49,"deck5","deck6","P-P",82,782.000000122935,17,"parity",9,73,163.000000175089,"good",5,1,"Look ","no",6,7,8,6,7,8,2,3,4,4,3,2,3,4,2,3,4,3,4,3,2,3,4,3,0,2,3,4,3,2,3,4,3,3,4,2,4,3,2,4,3,4,2,3,4,3,4,2,3,4,4,977487
"902","ptZeiguy48WjP56",29,"female","2",50,"deck4","deck5","P-P",82,1422.99999995157,1,"magnitude",3,73,1007.00000021607,"good",5,1,"Look ","no",6,7,8,6,7,8,2,3,4,4,3,2,3,4,2,3,4,3,4,3,2,3,4,3,0,2,3,4,3,2,3,4,3,3,4,2,4,3,2,4,3,4,2,3,4,3,4,2,3,4,4,981426
"903","ptZeiguy48WjP56",29,"female","2",50,"deck4","deck5","P-P",82,1422.99999995157,2,"parity",6,73,74.9999997206032,"good",5,1,"Look ","no",6,7,8,6,7,8,2,3,4,4,3,2,3,4,2,3,4,3,4,3,2,3,4,3,0,2,3,4,3,2,3,4,3,3,4,2,4,3,2,4,3,4,2,3,4,3,4,2,3,4,4,982008
"904","ptZeiguy48WjP56",29,"female","2",50,"deck4","deck5","P-P",82,1422.99999995157,3,"magnitude",6,73,94.0000000409782,"good",5,1,"Look ","no",6,7,8,6,7,8,2,3,4,4,3,2,3,4,2,3,4,3,4,3,2,3,4,3,0,2,3,4,3,2,3,4,3,3,4,2,4,3,2,4,3,4,2,3,4,3,4,2,3,4,4,982604
"905","ptZeiguy48WjP56",29,"female","2",50,"deck4","deck5","P-P",82,1422.99999995157,4,"parity",9,73,91.9999997131526,"good",5,1,"Look ","no",6,7,8,6,7,8,2,3,4,4,3,2,3,4,2,3,4,3,4,3,2,3,4,3,0,2,3,4,3,2,3,4,3,3,4,2,4,3,2,4,3,4,2,3,4,3,4,2,3,4,4,983204
"906","ptZeiguy48WjP56",29,"female","2",50,"deck4","deck5","P-P",82,1422.99999995157,5,"parity",4,73,92.0000001788139,"good",5,1,"Look ","no",6,7,8,6,7,8,2,3,4,4,3,2,3,4,2,3,4,3,4,3,2,3,4,3,0,2,3,4,3,2,3,4,3,3,4,2,4,3,2,4,3,4,2,3,4,3,4,2,3,4,4,983796
"907","ptZeiguy48WjP56",29,"female","2",50,"deck4","deck5","P-P",82,1422.99999995157,6,"magnitude",6,73,61.9999999180436,"good",5,1,"Look ","no",6,7,8,6,7,8,2,3,4,4,3,2,3,4,2,3,4,3,4,3,2,3,4,3,0,2,3,4,3,2,3,4,3,3,4,2,4,3,2,4,3,4,2,3,4,3,4,2,3,4,4,984383
"908","ptZeiguy48WjP56",29,"female","2",50,"deck4","deck5","P-P",82,1422.99999995157,7,"magnitude",3,73,297.999999951571,"good",5,1,"Look ","no",6,7,8,6,7,8,2,3,4,4,3,2,3,4,2,3,4,3,4,3,2,3,4,3,0,2,3,4,3,2,3,4,3,3,4,2,4,3,2,4,3,4,2,3,4,3,4,2,3,4,4,985186
"909","ptZeiguy48WjP56",29,"female","2",50,"deck4","deck5","P-P",82,1422.99999995157,8,"magnitude",3,69,103.999999817461,"good",5,1,"Look ","no",6,7,8,6,7,8,2,3,4,4,3,2,3,4,2,3,4,3,4,3,2,3,4,3,0,2,3,4,3,2,3,4,3,3,4,2,4,3,2,4,3,4,2,3,4,3,4,2,3,4,4,985793
"910","ptZeiguy48WjP56",29,"female","2",50,"deck4","deck5","P-P",82,1422.99999995157,9,"parity",7,69,35.0000001490116,"good",5,1,"Look ","no",6,7,8,6,7,8,2,3,4,4,3,2,3,4,2,3,4,3,4,3,2,3,4,3,0,2,3,4,3,2,3,4,3,3,4,2,4,3,2,4,3,4,2,3,4,3,4,2,3,4,4,986330
"911","ptZeiguy48WjP56",29,"female","2",50,"deck4","deck5","P-P",82,1422.99999995157,10,"parity",3,73,22.000000346452,"good",5,1,"Look ","no",6,7,8,6,7,8,2,3,4,4,3,2,3,4,2,3,4,3,4,3,2,3,4,3,0,2,3,4,3,2,3,4,3,3,4,2,4,3,2,4,3,4,2,3,4,3,4,2,3,4,4,986857
"912","ptZeiguy48WjP56",29,"female","2",50,"deck4","deck5","P-P",82,1422.99999995157,11,"magnitude",6,69,60.0000000558794,"good",5,1,"Look ","no",6,7,8,6,7,8,2,3,4,4,3,2,3,4,2,3,4,3,4,3,2,3,4,3,0,2,3,4,3,2,3,4,3,3,4,2,4,3,2,4,3,4,2,3,4,3,4,2,3,4,4,987418
"913","ptZeiguy48WjP56",29,"female","2",50,"deck4","deck5","P-P",82,1422.99999995157,12,"parity",3,69,40.9999997355044,"good",5,1,"Look ","no",6,7,8,6,7,8,2,3,4,4,3,2,3,4,2,3,4,3,4,3,2,3,4,3,0,2,3,4,3,2,3,4,3,3,4,2,4,3,2,4,3,4,2,3,4,3,4,2,3,4,4,987962
"914","ptZeiguy48WjP56",29,"female","2",50,"deck4","deck5","P-P",82,1422.99999995157,13,"parity",4,69,84.9999999627471,"good",5,1,"Look ","no",6,7,8,6,7,8,2,3,4,4,3,2,3,4,2,3,4,3,4,3,2,3,4,3,0,2,3,4,3,2,3,4,3,3,4,2,4,3,2,4,3,4,2,3,4,3,4,2,3,4,4,988551
"915","ptZeiguy48WjP56",29,"female","2",50,"deck4","deck5","P-P",82,1422.99999995157,14,"parity",1,73,148.999999742955,"good",5,1,"Look ","no",6,7,8,6,7,8,2,3,4,4,3,2,3,4,2,3,4,3,4,3,2,3,4,3,0,2,3,4,3,2,3,4,3,3,4,2,4,3,2,4,3,4,2,3,4,3,4,2,3,4,4,989204
"916","ptZeiguy48WjP56",29,"female","2",50,"deck4","deck5","P-P",82,1422.99999995157,15,"magnitude",6,69,89.0000001527369,"good",5,1,"Look ","no",6,7,8,6,7,8,2,3,4,4,3,2,3,4,2,3,4,3,4,3,2,3,4,3,0,2,3,4,3,2,3,4,3,3,4,2,4,3,2,4,3,4,2,3,4,3,4,2,3,4,4,989797
"917","ptZeiguy48WjP56",29,"female","2",50,"deck4","deck5","P-P",82,1422.99999995157,16,"magnitude",4,69,37.0000000111759,"good",5,1,"Look ","no",6,7,8,6,7,8,2,3,4,4,3,2,3,4,2,3,4,3,4,3,2,3,4,3,0,2,3,4,3,2,3,4,3,3,4,2,4,3,2,4,3,4,2,3,4,3,4,2,3,4,4,990335
"918","ptZeiguy48WjP56",29,"female","2",50,"deck4","deck5","P-P",82,1422.99999995157,17,"magnitude",8,73,18.9999998547137,"good",5,1,"Look ","no",6,7,8,6,7,8,2,3,4,4,3,2,3,4,2,3,4,3,4,3,2,3,4,3,0,2,3,4,3,2,3,4,3,3,4,2,4,3,2,4,3,4,2,3,4,3,4,2,3,4,4,990860
"919","ptZeiguy48WjP56",29,"female","2",51,"deck3","deck4","P-NP",82,1412.99999970943,1,"magnitude",1,73,94.0000000409782,"good",5,1,"Look ","no",6,7,8,6,7,8,2,3,4,4,3,2,3,4,2,3,4,3,4,3,2,3,4,3,0,2,3,4,3,2,3,4,3,3,4,2,4,3,2,4,3,4,2,3,4,3,4,2,3,4,4,993877
"920","ptZeiguy48WjP56",29,"female","2",51,"deck3","deck4","P-NP",82,1412.99999970943,2,"magnitude",6,69,129.00000018999,"good",5,1,"Look ","no",6,7,8,6,7,8,2,3,4,4,3,2,3,4,2,3,4,3,4,3,2,3,4,3,0,2,3,4,3,2,3,4,3,3,4,2,4,3,2,4,3,4,2,3,4,3,4,2,3,4,4,994510
"921","ptZeiguy48WjP56",29,"female","2",51,"deck3","deck4","P-NP",82,1412.99999970943,3,"magnitude",1,73,174.999999813735,"good",5,1,"Look ","no",6,7,8,6,7,8,2,3,4,4,3,2,3,4,2,3,4,3,4,3,2,3,4,3,0,2,3,4,3,2,3,4,3,3,4,2,4,3,2,4,3,4,2,3,4,3,4,2,3,4,4,995188
"922","ptZeiguy48WjP56",29,"female","2",51,"deck3","deck4","P-NP",82,1412.99999970943,4,"parity",8,73,46.000000089407,"good",5,1,"Look ","no",6,7,8,6,7,8,2,3,4,4,3,2,3,4,2,3,4,3,4,3,2,3,4,3,0,2,3,4,3,2,3,4,3,3,4,2,4,3,2,4,3,4,2,3,4,3,4,2,3,4,4,995736
"923","ptZeiguy48WjP56",29,"female","2",51,"deck3","deck4","P-NP",82,1412.99999970943,5,"parity",2,73,32.9999998211861,"good",5,1,"Look ","no",6,7,8,6,7,8,2,3,4,4,3,2,3,4,2,3,4,3,4,3,2,3,4,3,0,2,3,4,3,2,3,4,3,3,4,2,4,3,2,4,3,4,2,3,4,3,4,2,3,4,4,996273
"924","ptZeiguy48WjP56",29,"female","2",51,"deck3","deck4","P-NP",82,1412.99999970943,6,"parity",1,69,9.0000000782311,"good",5,1,"Look ","no",6,7,8,6,7,8,2,3,4,4,3,2,3,4,2,3,4,3,4,3,2,3,4,3,0,2,3,4,3,2,3,4,3,3,4,2,4,3,2,4,3,4,2,3,4,3,4,2,3,4,4,996785
"925","ptZeiguy48WjP56",29,"female","2",51,"deck3","deck4","P-NP",82,1412.99999970943,7,"parity",9,73,60.9999997541308,"good",5,1,"Look ","no",6,7,8,6,7,8,2,3,4,4,3,2,3,4,2,3,4,3,4,3,2,3,4,3,0,2,3,4,3,2,3,4,3,3,4,2,4,3,2,4,3,4,2,3,4,3,4,2,3,4,4,997348
"926","ptZeiguy48WjP56",29,"female","2",51,"deck3","deck4","P-NP",82,1412.99999970943,8,"parity",4,73,7.99999991431832,"good",5,1,"Look ","no",6,7,8,6,7,8,2,3,4,4,3,2,3,4,2,3,4,3,4,3,2,3,4,3,0,2,3,4,3,2,3,4,3,3,4,2,4,3,2,4,3,4,2,3,4,3,4,2,3,4,4,997860
"927","ptZeiguy48WjP56",29,"female","2",51,"deck3","deck4","P-NP",82,1412.99999970943,9,"parity",3,69,126.000000163913,"good",5,1,"Look ","no",6,7,8,6,7,8,2,3,4,4,3,2,3,4,2,3,4,3,4,3,2,3,4,3,0,2,3,4,3,2,3,4,3,3,4,2,4,3,2,4,3,4,2,3,4,3,4,2,3,4,4,998487
"928","ptZeiguy48WjP56",29,"female","2",51,"deck3","deck4","P-NP",82,1412.99999970943,10,"parity",2,73,70.9999999962747,"good",5,1,"Look ","no",6,7,8,6,7,8,2,3,4,4,3,2,3,4,2,3,4,3,4,3,2,3,4,3,0,2,3,4,3,2,3,4,3,3,4,2,4,3,2,4,3,4,2,3,4,3,4,2,3,4,4,999060
"929","ptZeiguy48WjP56",29,"female","2",51,"deck3","deck4","P-NP",82,1412.99999970943,11,"parity",8,73,20.0000000186265,"good",5,1,"Look ","no",6,7,8,6,7,8,2,3,4,4,3,2,3,4,2,3,4,3,4,3,2,3,4,3,0,2,3,4,3,2,3,4,3,3,4,2,4,3,2,4,3,4,2,3,4,3,4,2,3,4,4,999581
"930","ptZeiguy48WjP56",29,"female","2",51,"deck3","deck4","P-NP",82,1412.99999970943,12,"parity",6,69,109.000000171363,"good",5,1,"Look ","no",6,7,8,6,7,8,2,3,4,4,3,2,3,4,2,3,4,3,4,3,2,3,4,3,0,2,3,4,3,2,3,4,3,3,4,2,4,3,2,4,3,4,2,3,4,3,4,2,3,4,4,1000191
"931","ptZeiguy48WjP56",29,"female","2",52,"deck6","deck5","P-P",82,645.000000018626,1,"parity",1,73,12.0000001043081,"good",5,1,"Look ","no",6,7,8,6,7,8,2,3,4,4,3,2,3,4,2,3,4,3,4,3,2,3,4,3,0,2,3,4,3,2,3,4,3,3,4,2,4,3,2,4,3,4,2,3,4,3,4,2,3,4,4,1002372
"932","ptZeiguy48WjP56",29,"female","2",52,"deck6","deck5","P-P",82,645.000000018626,2,"parity",6,69,120.000000111759,"good",5,1,"Look ","no",6,7,8,6,7,8,2,3,4,4,3,2,3,4,2,3,4,3,4,3,2,3,4,3,0,2,3,4,3,2,3,4,3,3,4,2,4,3,2,4,3,4,2,3,4,3,4,2,3,4,4,1002994
"933","ptZeiguy48WjP56",29,"female","2",52,"deck6","deck5","P-P",82,645.000000018626,3,"magnitude",1,69,47.9999999515712,"good",5,1,"Look ","no",6,7,8,6,7,8,2,3,4,4,3,2,3,4,2,3,4,3,4,3,2,3,4,3,0,2,3,4,3,2,3,4,3,3,4,2,4,3,2,4,3,4,2,3,4,3,4,2,3,4,4,1003545
"934","ptZeiguy48WjP56",29,"female","2",52,"deck6","deck5","P-P",82,645.000000018626,4,"parity",7,69,48.9999996498227,"good",5,1,"Look ","no",6,7,8,6,7,8,2,3,4,4,3,2,3,4,2,3,4,3,4,3,2,3,4,3,0,2,3,4,3,2,3,4,3,3,4,2,4,3,2,4,3,4,2,3,4,3,4,2,3,4,4,1004095
"935","ptZeiguy48WjP56",29,"female","2",52,"deck6","deck5","P-P",82,645.000000018626,5,"magnitude",8,73,52.9999998398125,"good",5,1,"Look ","no",6,7,8,6,7,8,2,3,4,4,3,2,3,4,2,3,4,3,4,3,2,3,4,3,0,2,3,4,3,2,3,4,3,3,4,2,4,3,2,4,3,4,2,3,4,3,4,2,3,4,4,1004649
"936","ptZeiguy48WjP56",29,"female","2",52,"deck6","deck5","P-P",82,645.000000018626,6,"parity",7,69,95.000000204891,"good",5,1,"Look ","no",6,7,8,6,7,8,2,3,4,4,3,2,3,4,2,3,4,3,4,3,2,3,4,3,0,2,3,4,3,2,3,4,3,3,4,2,4,3,2,4,3,4,2,3,4,3,4,2,3,4,4,1005247
"937","ptZeiguy48WjP56",29,"female","2",52,"deck6","deck5","P-P",82,645.000000018626,7,"parity",4,73,151.000000070781,"good",5,1,"Look ","no",6,7,8,6,7,8,2,3,4,4,3,2,3,4,2,3,4,3,4,3,2,3,4,3,0,2,3,4,3,2,3,4,3,3,4,2,4,3,2,4,3,4,2,3,4,3,4,2,3,4,4,1005901
"938","ptZeiguy48WjP56",29,"female","2",52,"deck6","deck5","P-P",82,645.000000018626,8,"parity",1,69,141.999999992549,"good",5,1,"Look ","no",6,7,8,6,7,8,2,3,4,4,3,2,3,4,2,3,4,3,4,3,2,3,4,3,0,2,3,4,3,2,3,4,3,3,4,2,4,3,2,4,3,4,2,3,4,3,4,2,3,4,4,1006545
"939","ptZeiguy48WjP56",29,"female","2",52,"deck6","deck5","P-P",82,645.000000018626,9,"magnitude",3,73,44.9999999254942,"good",5,1,"Look ","no",6,7,8,6,7,8,2,3,4,4,3,2,3,4,2,3,4,3,4,3,2,3,4,3,0,2,3,4,3,2,3,4,3,3,4,2,4,3,2,4,3,4,2,3,4,3,4,2,3,4,4,1007092
"940","ptZeiguy48WjP56",29,"female","2",52,"deck6","deck5","P-P",82,645.000000018626,10,"magnitude",7,69,118.999999947846,"good",5,1,"Look ","no",6,7,8,6,7,8,2,3,4,4,3,2,3,4,2,3,4,3,4,3,2,3,4,3,0,2,3,4,3,2,3,4,3,3,4,2,4,3,2,4,3,4,2,3,4,3,4,2,3,4,4,1007713
"941","ptZeiguy48WjP56",29,"female","2",53,"deck4","deck5","P-P",82,1624.00000030175,1,"magnitude",4,73,120.000000111759,"good",5,1,"Look ","no",6,7,8,6,7,8,2,3,4,4,3,2,3,4,2,3,4,3,4,3,2,3,4,3,0,2,3,4,3,2,3,4,3,3,4,2,4,3,2,4,3,4,2,3,4,3,4,2,3,4,4,1010974
"942","ptZeiguy48WjP56",29,"female","2",53,"deck4","deck5","P-P",82,1624.00000030175,2,"parity",4,73,238.000000361353,"good",5,1,"Look ","no",6,7,8,6,7,8,2,3,4,4,3,2,3,4,2,3,4,3,4,3,2,3,4,3,0,2,3,4,3,2,3,4,3,3,4,2,4,3,2,4,3,4,2,3,4,3,4,2,3,4,4,1011717
"943","ptZeiguy48WjP56",29,"female","2",53,"deck4","deck5","P-P",82,1624.00000030175,3,"parity",6,69,200.999999884516,"good",5,1,"Look ","no",6,7,8,6,7,8,2,3,4,4,3,2,3,4,2,3,4,3,4,3,2,3,4,3,0,2,3,4,3,2,3,4,3,3,4,2,4,3,2,4,3,4,2,3,4,3,4,2,3,4,4,1012420
"944","ptZeiguy48WjP56",29,"female","2",53,"deck4","deck5","P-P",82,1624.00000030175,4,"magnitude",1,73,42.0000003650784,"good",5,1,"Look ","no",6,7,8,6,7,8,2,3,4,4,3,2,3,4,2,3,4,3,4,3,2,3,4,3,0,2,3,4,3,2,3,4,3,3,4,2,4,3,2,4,3,4,2,3,4,3,4,2,3,4,4,1012964
"945","ptZeiguy48WjP56",29,"female","2",53,"deck4","deck5","P-P",82,1624.00000030175,5,"magnitude",7,69,143.999999854714,"good",5,1,"Look ","no",6,7,8,6,7,8,2,3,4,4,3,2,3,4,2,3,4,3,4,3,2,3,4,3,0,2,3,4,3,2,3,4,3,3,4,2,4,3,2,4,3,4,2,3,4,3,4,2,3,4,4,1013608
"946","ptZeiguy48WjP56",29,"female","2",53,"deck4","deck5","P-P",82,1624.00000030175,6,"parity",1,69,143.000000156462,"good",5,1,"Look ","no",6,7,8,6,7,8,2,3,4,4,3,2,3,4,2,3,4,3,4,3,2,3,4,3,0,2,3,4,3,2,3,4,3,3,4,2,4,3,2,4,3,4,2,3,4,3,4,2,3,4,4,1014254
"947","ptZeiguy48WjP56",29,"female","2",53,"deck4","deck5","P-P",82,1624.00000030175,7,"magnitude",4,69,37.0000000111759,"good",5,1,"Look ","no",6,7,8,6,7,8,2,3,4,4,3,2,3,4,2,3,4,3,4,3,2,3,4,3,0,2,3,4,3,2,3,4,3,3,4,2,4,3,2,4,3,4,2,3,4,3,4,2,3,4,4,1014792
"948","ptZeiguy48WjP56",29,"female","2",53,"deck4","deck5","P-P",82,1624.00000030175,8,"parity",4,73,14.0000004321337,"good",5,1,"Look ","no",6,7,8,6,7,8,2,3,4,4,3,2,3,4,2,3,4,3,4,3,2,3,4,3,0,2,3,4,3,2,3,4,3,3,4,2,4,3,2,4,3,4,2,3,4,3,4,2,3,4,4,1015308
"949","ptZeiguy48WjP56",29,"female","2",53,"deck4","deck5","P-P",82,1624.00000030175,9,"parity",9,73,23.999999742955,"good",5,1,"Look ","no",6,7,8,6,7,8,2,3,4,4,3,2,3,4,2,3,4,3,4,3,2,3,4,3,0,2,3,4,3,2,3,4,3,3,4,2,4,3,2,4,3,4,2,3,4,3,4,2,3,4,4,1015835
"950","ptZeiguy48WjP56",29,"female","2",53,"deck4","deck5","P-P",82,1624.00000030175,10,"parity",8,69,84.0000002644956,"good",5,1,"Look ","no",6,7,8,6,7,8,2,3,4,4,3,2,3,4,2,3,4,3,4,3,2,3,4,3,0,2,3,4,3,2,3,4,3,3,4,2,4,3,2,4,3,4,2,3,4,3,4,2,3,4,4,1016421
"951","ptZeiguy48WjP56",29,"female","2",54,"deck6","deck2","P-NP",82,615.000000223517,1,"parity",7,73,57.9999997280538,"good",5,1,"Look ","no",6,7,8,6,7,8,2,3,4,4,3,2,3,4,2,3,4,3,4,3,2,3,4,3,0,2,3,4,3,2,3,4,3,3,4,2,4,3,2,4,3,4,2,3,4,3,4,2,3,4,4,1018607
"952","ptZeiguy48WjP56",29,"female","2",54,"deck6","deck2","P-NP",82,615.000000223517,2,"magnitude",1,69,35.0000001490116,"good",5,1,"Look ","no",6,7,8,6,7,8,2,3,4,4,3,2,3,4,2,3,4,3,4,3,2,3,4,3,0,2,3,4,3,2,3,4,3,3,4,2,4,3,2,4,3,4,2,3,4,3,4,2,3,4,4,1019159
"953","ptZeiguy48WjP56",29,"female","2",54,"deck6","deck2","P-NP",82,615.000000223517,3,"magnitude",3,73,46.9999997876585,"good",5,1,"Look ","no",6,7,8,6,7,8,2,3,4,4,3,2,3,4,2,3,4,3,4,3,2,3,4,3,0,2,3,4,3,2,3,4,3,3,4,2,4,3,2,4,3,4,2,3,4,3,4,2,3,4,4,1019710
"954","ptZeiguy48WjP56",29,"female","2",54,"deck6","deck2","P-NP",82,615.000000223517,4,"parity",7,69,27.9999999329448,"good",5,1,"Look ","no",6,7,8,6,7,8,2,3,4,4,3,2,3,4,2,3,4,3,4,3,2,3,4,3,0,2,3,4,3,2,3,4,3,3,4,2,4,3,2,4,3,4,2,3,4,3,4,2,3,4,4,1020239
"955","ptZeiguy48WjP56",29,"female","2",54,"deck6","deck2","P-NP",82,615.000000223517,5,"magnitude",2,69,9.0000000782311,"good",5,1,"Look ","no",6,7,8,6,7,8,2,3,4,4,3,2,3,4,2,3,4,3,4,3,2,3,4,3,0,2,3,4,3,2,3,4,3,3,4,2,4,3,2,4,3,4,2,3,4,3,4,2,3,4,4,1020751
"956","ptZeiguy48WjP56",29,"female","2",54,"deck6","deck2","P-NP",82,615.000000223517,6,"magnitude",3,69,120.99999981001,"good",5,1,"Look ","no",6,7,8,6,7,8,2,3,4,4,3,2,3,4,2,3,4,3,4,3,2,3,4,3,0,2,3,4,3,2,3,4,3,3,4,2,4,3,2,4,3,4,2,3,4,3,4,2,3,4,4,1021374
"957","ptZeiguy48WjP56",29,"female","2",54,"deck6","deck2","P-NP",82,615.000000223517,7,"parity",7,69,47.0000002533197,"good",5,1,"Look ","no",6,7,8,6,7,8,2,3,4,4,3,2,3,4,2,3,4,3,4,3,2,3,4,3,0,2,3,4,3,2,3,4,3,3,4,2,4,3,2,4,3,4,2,3,4,3,4,2,3,4,4,1021926
"958","ptZeiguy48WjP56",29,"female","2",54,"deck6","deck2","P-NP",82,615.000000223517,8,"magnitude",9,69,19.000000320375,"good",5,1,"Look ","no",6,7,8,6,7,8,2,3,4,4,3,2,3,4,2,3,4,3,4,3,2,3,4,3,0,2,3,4,3,2,3,4,3,3,4,2,4,3,2,4,3,4,2,3,4,3,4,2,3,4,4,1022446
"959","ptZeiguy48WjP56",29,"female","2",54,"deck6","deck2","P-NP",82,615.000000223517,9,"magnitude",9,73,66.9999998062849,"good",5,1,"Look ","no",6,7,8,6,7,8,2,3,4,4,3,2,3,4,2,3,4,3,4,3,2,3,4,3,0,2,3,4,3,2,3,4,3,3,4,2,4,3,2,4,3,4,2,3,4,3,4,2,3,4,4,1023015
"960","ptZeiguy48WjP56",29,"female","2",54,"deck6","deck2","P-NP",82,615.000000223517,10,"magnitude",4,69,111.000000033528,"good",5,1,"Look ","no",6,7,8,6,7,8,2,3,4,4,3,2,3,4,2,3,4,3,4,3,2,3,4,3,0,2,3,4,3,2,3,4,3,3,4,2,4,3,2,4,3,4,2,3,4,3,4,2,3,4,4,1023627
"961","ptZeiguy48WjP56",29,"female","2",54,"deck6","deck2","P-NP",82,615.000000223517,11,"magnitude",8,73,20.9999997168779,"good",5,1,"Look ","no",6,7,8,6,7,8,2,3,4,4,3,2,3,4,2,3,4,3,4,3,2,3,4,3,0,2,3,4,3,2,3,4,3,3,4,2,4,3,2,4,3,4,2,3,4,3,4,2,3,4,4,1024151
"962","ptZeiguy48WjP56",29,"female","2",54,"deck6","deck2","P-NP",82,615.000000223517,12,"magnitude",7,69,134.999999776483,"good",5,1,"Look ","no",6,7,8,6,7,8,2,3,4,4,3,2,3,4,2,3,4,3,4,3,2,3,4,3,0,2,3,4,3,2,3,4,3,3,4,2,4,3,2,4,3,4,2,3,4,3,4,2,3,4,4,1024788
"963","ptZeiguy48WjP56",29,"female","2",54,"deck6","deck2","P-NP",82,615.000000223517,13,"parity",2,69,4.99999988824129,"good",5,1,"Look ","no",6,7,8,6,7,8,2,3,4,4,3,2,3,4,2,3,4,3,4,3,2,3,4,3,0,2,3,4,3,2,3,4,3,3,4,2,4,3,2,4,3,4,2,3,4,3,4,2,3,4,4,1025296
"964","ptZeiguy48WjP56",29,"female","2",54,"deck6","deck2","P-NP",82,615.000000223517,14,"magnitude",1,73,77.0000000484288,"good",5,1,"Look ","no",6,7,8,6,7,8,2,3,4,4,3,2,3,4,2,3,4,3,4,3,2,3,4,3,0,2,3,4,3,2,3,4,3,3,4,2,4,3,2,4,3,4,2,3,4,3,4,2,3,4,4,1025874
"965","ptZeiguy48WjP56",29,"female","2",54,"deck6","deck2","P-NP",82,615.000000223517,15,"magnitude",1,73,179.000000003725,"good",5,1,"Look ","no",6,7,8,6,7,8,2,3,4,4,3,2,3,4,2,3,4,3,4,3,2,3,4,3,0,2,3,4,3,2,3,4,3,3,4,2,4,3,2,4,3,4,2,3,4,3,4,2,3,4,4,1026556
"966","ptZeiguy48WjP56",29,"female","2",54,"deck6","deck2","P-NP",82,615.000000223517,16,"parity",9,73,4.99999988824129,"good",5,1,"Look ","no",6,7,8,6,7,8,2,3,4,4,3,2,3,4,2,3,4,3,4,3,2,3,4,3,0,2,3,4,3,2,3,4,3,3,4,2,4,3,2,4,3,4,2,3,4,3,4,2,3,4,4,1027063
"967","ptZeiguy48WjP56",29,"female","2",55,"deck3","deck6","P-NP",82,1923.99999964982,1,"parity",6,69,26.0000000707805,"good",5,1,"Look ","no",6,7,8,6,7,8,2,3,4,4,3,2,3,4,2,3,4,3,4,3,2,3,4,3,0,2,3,4,3,2,3,4,3,3,4,2,4,3,2,4,3,4,2,3,4,3,4,2,3,4,4,1030555
"968","ptZeiguy48WjP56",29,"female","2",55,"deck3","deck6","P-NP",82,1923.99999964982,2,"magnitude",9,73,93.9999995753169,"good",5,1,"Look ","no",6,7,8,6,7,8,2,3,4,4,3,2,3,4,2,3,4,3,4,3,2,3,4,3,0,2,3,4,3,2,3,4,3,3,4,2,4,3,2,4,3,4,2,3,4,3,4,2,3,4,4,1031151
"969","ptZeiguy48WjP56",29,"female","2",55,"deck3","deck6","P-NP",82,1923.99999964982,3,"parity",3,69,92.0000001788139,"good",5,1,"Look ","no",6,7,8,6,7,8,2,3,4,4,3,2,3,4,2,3,4,3,4,3,2,3,4,3,0,2,3,4,3,2,3,4,3,3,4,2,4,3,2,4,3,4,2,3,4,3,4,2,3,4,4,1031747
"970","ptZeiguy48WjP56",29,"female","2",55,"deck3","deck6","P-NP",82,1923.99999964982,4,"magnitude",9,73,27.9999999329448,"good",5,1,"Look ","no",6,7,8,6,7,8,2,3,4,4,3,2,3,4,2,3,4,3,4,3,2,3,4,3,0,2,3,4,3,2,3,4,3,3,4,2,4,3,2,4,3,4,2,3,4,3,4,2,3,4,4,1032278
"971","ptZeiguy48WjP56",29,"female","2",55,"deck3","deck6","P-NP",82,1923.99999964982,5,"parity",9,69,37.9999997094274,"good",5,1,"Look ","no",6,7,8,6,7,8,2,3,4,4,3,2,3,4,2,3,4,3,4,3,2,3,4,3,0,2,3,4,3,2,3,4,3,3,4,2,4,3,2,4,3,4,2,3,4,3,4,2,3,4,4,1032819
"972","ptZeiguy48WjP56",29,"female","2",55,"deck3","deck6","P-NP",82,1923.99999964982,6,"magnitude",6,73,110.000000335276,"good",5,1,"Look ","no",6,7,8,6,7,8,2,3,4,4,3,2,3,4,2,3,4,3,4,3,2,3,4,3,0,2,3,4,3,2,3,4,3,3,4,2,4,3,2,4,3,4,2,3,4,3,4,2,3,4,4,1033431
"973","ptZeiguy48WjP56",29,"female","2",55,"deck3","deck6","P-NP",82,1923.99999964982,7,"parity",4,73,226.999999955297,"good",5,1,"Look ","no",6,7,8,6,7,8,2,3,4,4,3,2,3,4,2,3,4,3,4,3,2,3,4,3,0,2,3,4,3,2,3,4,3,3,4,2,4,3,2,4,3,4,2,3,4,3,4,2,3,4,4,1034160
"974","ptZeiguy48WjP56",29,"female","2",55,"deck3","deck6","P-NP",82,1923.99999964982,8,"parity",6,69,112.00000019744,"good",5,1,"Look ","no",6,7,8,6,7,8,2,3,4,4,3,2,3,4,2,3,4,3,4,3,2,3,4,3,0,2,3,4,3,2,3,4,3,3,4,2,4,3,2,4,3,4,2,3,4,3,4,2,3,4,4,1034774
"975","ptZeiguy48WjP56",29,"female","2",55,"deck3","deck6","P-NP",82,1923.99999964982,9,"magnitude",1,73,78.999999910593,"good",5,1,"Look ","no",6,7,8,6,7,8,2,3,4,4,3,2,3,4,2,3,4,3,4,3,2,3,4,3,0,2,3,4,3,2,3,4,3,3,4,2,4,3,2,4,3,4,2,3,4,3,4,2,3,4,4,1035356
"976","ptZeiguy48WjP56",29,"female","2",55,"deck3","deck6","P-NP",82,1923.99999964982,10,"parity",8,69,131.999999750406,"good",5,1,"Look ","no",6,7,8,6,7,8,2,3,4,4,3,2,3,4,2,3,4,3,4,3,2,3,4,3,0,2,3,4,3,2,3,4,3,3,4,2,4,3,2,4,3,4,2,3,4,3,4,2,3,4,4,1035992
"977","ptZeiguy48WjP56",29,"female","2",55,"deck3","deck6","P-NP",82,1923.99999964982,11,"magnitude",4,69,6.00000005215406,"good",5,1,"Look ","no",6,7,8,6,7,8,2,3,4,4,3,2,3,4,2,3,4,3,4,3,2,3,4,3,0,2,3,4,3,2,3,4,3,3,4,2,4,3,2,4,3,4,2,3,4,3,4,2,3,4,4,1036502
"978","ptZeiguy48WjP56",29,"female","2",55,"deck3","deck6","P-NP",82,1923.99999964982,12,"parity",2,73,134.999999776483,"good",5,1,"Look ","no",6,7,8,6,7,8,2,3,4,4,3,2,3,4,2,3,4,3,4,3,2,3,4,3,0,2,3,4,3,2,3,4,3,3,4,2,4,3,2,4,3,4,2,3,4,3,4,2,3,4,4,1037139
"979","ptZeiguy48WjP56",29,"female","2",55,"deck3","deck6","P-NP",82,1923.99999964982,13,"magnitude",3,69,121.999999973923,"good",5,1,"Look ","no",6,7,8,6,7,8,2,3,4,4,3,2,3,4,2,3,4,3,4,3,2,3,4,3,0,2,3,4,3,2,3,4,3,3,4,2,4,3,2,4,3,4,2,3,4,3,4,2,3,4,4,1037763
"980","ptZeiguy48WjP56",29,"female","2",56,"deck4","deck2","P-NP",82,516.999999992549,1,"parity",8,69,70.0000002980232,"good",5,1,"Look ","no",6,7,8,6,7,8,2,3,4,4,3,2,3,4,2,3,4,3,4,3,2,3,4,3,0,2,3,4,3,2,3,4,3,3,4,2,4,3,2,4,3,4,2,3,4,3,4,2,3,4,4,1039865
"981","ptZeiguy48WjP56",29,"female","2",56,"deck4","deck2","P-NP",82,516.999999992549,2,"magnitude",6,73,149.999999906868,"good",5,1,"Look ","no",6,7,8,6,7,8,2,3,4,4,3,2,3,4,2,3,4,3,4,3,2,3,4,3,0,2,3,4,3,2,3,4,3,3,4,2,4,3,2,4,3,4,2,3,4,3,4,2,3,4,4,1040518
"982","ptZeiguy48WjP56",29,"female","2",56,"deck4","deck2","P-NP",82,516.999999992549,3,"magnitude",7,69,121.999999973923,"good",5,1,"Look ","no",6,7,8,6,7,8,2,3,4,4,3,2,3,4,2,3,4,3,4,3,2,3,4,3,0,2,3,4,3,2,3,4,3,3,4,2,4,3,2,4,3,4,2,3,4,3,4,2,3,4,4,1041144
"983","ptZeiguy48WjP56",29,"female","2",56,"deck4","deck2","P-NP",82,516.999999992549,4,"magnitude",2,73,60.0000000558794,"good",5,1,"Look ","no",6,7,8,6,7,8,2,3,4,4,3,2,3,4,2,3,4,3,4,3,2,3,4,3,0,2,3,4,3,2,3,4,3,3,4,2,4,3,2,4,3,4,2,3,4,3,4,2,3,4,4,1041705
"984","ptZeiguy48WjP56",29,"female","2",56,"deck4","deck2","P-NP",82,516.999999992549,5,"parity",2,69,54.0000000037253,"good",5,1,"Look ","no",6,7,8,6,7,8,2,3,4,4,3,2,3,4,2,3,4,3,4,3,2,3,4,3,0,2,3,4,3,2,3,4,3,3,4,2,4,3,2,4,3,4,2,3,4,3,4,2,3,4,4,1042263
"985","ptZeiguy48WjP56",29,"female","2",56,"deck4","deck2","P-NP",82,516.999999992549,6,"magnitude",8,69,101.999999955297,"good",5,1,"Look ","no",6,7,8,6,7,8,2,3,4,4,3,2,3,4,2,3,4,3,4,3,2,3,4,3,0,2,3,4,3,2,3,4,3,3,4,2,4,3,2,4,3,4,2,3,4,3,4,2,3,4,4,1042868
"986","ptZeiguy48WjP56",29,"female","2",56,"deck4","deck2","P-NP",82,516.999999992549,7,"parity",3,73,64.9999999441206,"good",5,1,"Look ","no",6,7,8,6,7,8,2,3,4,4,3,2,3,4,2,3,4,3,4,3,2,3,4,3,0,2,3,4,3,2,3,4,3,3,4,2,4,3,2,4,3,4,2,3,4,3,4,2,3,4,4,1043450
"987","ptZeiguy48WjP56",29,"female","2",56,"deck4","deck2","P-NP",82,516.999999992549,8,"parity",3,69,98.000000230968,"good",5,1,"Look ","no",6,7,8,6,7,8,2,3,4,4,3,2,3,4,2,3,4,3,4,3,2,3,4,3,0,2,3,4,3,2,3,4,3,3,4,2,4,3,2,4,3,4,2,3,4,3,4,2,3,4,4,1044050
"988","ptZeiguy48WjP56",29,"female","2",56,"deck4","deck2","P-NP",82,516.999999992549,9,"magnitude",8,73,79.9999996088445,"good",5,1,"Look ","no",6,7,8,6,7,8,2,3,4,4,3,2,3,4,2,3,4,3,4,3,2,3,4,3,0,2,3,4,3,2,3,4,3,3,4,2,4,3,2,4,3,4,2,3,4,3,4,2,3,4,4,1044633
"989","ptZeiguy48WjP56",29,"female","2",56,"deck4","deck2","P-NP",82,516.999999992549,10,"parity",3,69,83.0000001005828,"good",5,1,"Look ","no",6,7,8,6,7,8,2,3,4,4,3,2,3,4,2,3,4,3,4,3,2,3,4,3,0,2,3,4,3,2,3,4,3,3,4,2,4,3,2,4,3,4,2,3,4,3,4,2,3,4,4,1045220
"990","ptZeiguy48WjP56",29,"female","2",56,"deck4","deck2","P-NP",82,516.999999992549,11,"parity",8,73,75.999999884516,"good",5,1,"Look ","no",6,7,8,6,7,8,2,3,4,4,3,2,3,4,2,3,4,3,4,3,2,3,4,3,0,2,3,4,3,2,3,4,3,3,4,2,4,3,2,4,3,4,2,3,4,3,4,2,3,4,4,1045796
"991","ptZeiguy48WjP56",29,"female","2",56,"deck4","deck2","P-NP",82,516.999999992549,12,"parity",8,69,61.9999999180436,"good",5,1,"Look ","no",6,7,8,6,7,8,2,3,4,4,3,2,3,4,2,3,4,3,4,3,2,3,4,3,0,2,3,4,3,2,3,4,3,3,4,2,4,3,2,4,3,4,2,3,4,3,4,2,3,4,4,1046362
"992","ptZeiguy48WjP56",29,"female","2",56,"deck4","deck2","P-NP",82,516.999999992549,13,"magnitude",3,69,18.9999998547137,"good",5,1,"Look ","no",6,7,8,6,7,8,2,3,4,4,3,2,3,4,2,3,4,3,4,3,2,3,4,3,0,2,3,4,3,2,3,4,3,3,4,2,4,3,2,4,3,4,2,3,4,3,4,2,3,4,4,1046883
"993","ptZeiguy48WjP56",29,"female","2",56,"deck4","deck2","P-NP",82,516.999999992549,14,"magnitude",8,69,68.9999996684492,"good",5,1,"Look ","no",6,7,8,6,7,8,2,3,4,4,3,2,3,4,2,3,4,3,4,3,2,3,4,3,0,2,3,4,3,2,3,4,3,3,4,2,4,3,2,4,3,4,2,3,4,3,4,2,3,4,4,1047454
"994","ptZeiguy48WjP56",29,"female","2",56,"deck4","deck2","P-NP",82,516.999999992549,15,"magnitude",7,73,27.0000002346933,"good",5,1,"Look ","no",6,7,8,6,7,8,2,3,4,4,3,2,3,4,2,3,4,3,4,3,2,3,4,3,0,2,3,4,3,2,3,4,3,3,4,2,4,3,2,4,3,4,2,3,4,3,4,2,3,4,4,1047984
"995","ptZeiguy48WjP56",29,"female","2",57,"deck5","deck1","P-NP",82,742.999999783933,1,"magnitude",2,69,37.0000000111759,"good",5,1,"Look ","no",6,7,8,6,7,8,2,3,4,4,3,2,3,4,2,3,4,3,4,3,2,3,4,3,0,2,3,4,3,2,3,4,3,3,4,2,4,3,2,4,3,4,2,3,4,3,4,2,3,4,4,1050273
"996","ptZeiguy48WjP56",29,"female","2",57,"deck5","deck1","P-NP",82,742.999999783933,2,"magnitude",4,73,60.0000000558794,"good",5,1,"Look ","no",6,7,8,6,7,8,2,3,4,4,3,2,3,4,2,3,4,3,4,3,2,3,4,3,0,2,3,4,3,2,3,4,3,3,4,2,4,3,2,4,3,4,2,3,4,3,4,2,3,4,4,1050837
"997","ptZeiguy48WjP56",29,"female","2",57,"deck5","deck1","P-NP",82,742.999999783933,3,"magnitude",4,69,84.9999999627471,"good",5,1,"Look ","no",6,7,8,6,7,8,2,3,4,4,3,2,3,4,2,3,4,3,4,3,2,3,4,3,0,2,3,4,3,2,3,4,3,3,4,2,4,3,2,4,3,4,2,3,4,3,4,2,3,4,4,1051423
"998","ptZeiguy48WjP56",29,"female","2",57,"deck5","deck1","P-NP",82,742.999999783933,4,"magnitude",9,73,86.9999998249114,"good",5,1,"Look ","no",6,7,8,6,7,8,2,3,4,4,3,2,3,4,2,3,4,3,4,3,2,3,4,3,0,2,3,4,3,2,3,4,3,3,4,2,4,3,2,4,3,4,2,3,4,3,4,2,3,4,4,1052012
"999","ptZeiguy48WjP56",29,"female","2",57,"deck5","deck1","P-NP",82,742.999999783933,5,"parity",4,69,89.9999998509884,"good",5,1,"Look ","no",6,7,8,6,7,8,2,3,4,4,3,2,3,4,2,3,4,3,4,3,2,3,4,3,0,2,3,4,3,2,3,4,3,3,4,2,4,3,2,4,3,4,2,3,4,3,4,2,3,4,4,1052603
"1000","ptZeiguy48WjP56",29,"female","2",57,"deck5","deck1","P-NP",82,742.999999783933,6,"parity",9,73,26.0000000707805,"good",5,1,"Look ","no",6,7,8,6,7,8,2,3,4,4,3,2,3,4,2,3,4,3,4,3,2,3,4,3,0,2,3,4,3,2,3,4,3,3,4,2,4,3,2,4,3,4,2,3,4,3,4,2,3,4,4,1053132
"1001","ptZeiguy48WjP56",29,"female","2",57,"deck5","deck1","P-NP",82,742.999999783933,7,"parity",3,69,58.0000001937151,"good",5,1,"Look ","no",6,7,8,6,7,8,2,3,4,4,3,2,3,4,2,3,4,3,4,3,2,3,4,3,0,2,3,4,3,2,3,4,3,3,4,2,4,3,2,4,3,4,2,3,4,3,4,2,3,4,4,1053693
"1002","ptZeiguy48WjP56",29,"female","2",57,"deck5","deck1","P-NP",82,742.999999783933,8,"parity",4,73,43.0000000633299,"good",5,1,"Look ","no",6,7,8,6,7,8,2,3,4,4,3,2,3,4,2,3,4,3,4,3,2,3,4,3,0,2,3,4,3,2,3,4,3,3,4,2,4,3,2,4,3,4,2,3,4,3,4,2,3,4,4,1054238
"1003","ptZeiguy48WjP56",29,"female","2",58,"deck1","deck6","P-NP",82,1074.00000002235,1,"parity",2,69,78.999999910593,"good",5,1,"Look ","no",6,7,8,6,7,8,2,3,4,4,3,2,3,4,2,3,4,3,4,3,2,3,4,3,0,2,3,4,3,2,3,4,3,3,4,2,4,3,2,4,3,4,2,3,4,3,4,2,3,4,4,1056903
"1004","ptZeiguy48WjP56",29,"female","2",58,"deck1","deck6","P-NP",82,1074.00000002235,2,"magnitude",3,73,0,"good",5,1,"Look ","no",6,7,8,6,7,8,2,3,4,4,3,2,3,4,2,3,4,3,4,3,2,3,4,3,0,2,3,4,3,2,3,4,3,3,4,2,4,3,2,4,3,4,2,3,4,3,4,2,3,4,4,1057410
"1005","ptZeiguy48WjP56",29,"female","2",58,"deck1","deck6","P-NP",82,1074.00000002235,3,"parity",3,69,40.0000000372529,"good",5,1,"Look ","no",6,7,8,6,7,8,2,3,4,4,3,2,3,4,2,3,4,3,4,3,2,3,4,3,0,2,3,4,3,2,3,4,3,3,4,2,4,3,2,4,3,4,2,3,4,3,4,2,3,4,4,1057952
"1006","ptZeiguy48WjP56",29,"female","2",58,"deck1","deck6","P-NP",82,1074.00000002235,4,"magnitude",2,73,32.0000001229346,"good",5,1,"Look ","no",6,7,8,6,7,8,2,3,4,4,3,2,3,4,2,3,4,3,4,3,2,3,4,3,0,2,3,4,3,2,3,4,3,3,4,2,4,3,2,4,3,4,2,3,4,3,4,2,3,4,4,1058488
"1007","ptZeiguy48WjP56",29,"female","2",58,"deck1","deck6","P-NP",82,1074.00000002235,5,"parity",1,73,100.000000093132,"good",5,1,"Look ","no",6,7,8,6,7,8,2,3,4,4,3,2,3,4,2,3,4,3,4,3,2,3,4,3,0,2,3,4,3,2,3,4,3,3,4,2,4,3,2,4,3,4,2,3,4,3,4,2,3,4,4,1059092
"1008","ptZeiguy48WjP56",29,"female","2",58,"deck1","deck6","P-NP",82,1074.00000002235,6,"magnitude",4,73,125,"good",5,1,"Look ","no",6,7,8,6,7,8,2,3,4,4,3,2,3,4,2,3,4,3,4,3,2,3,4,3,0,2,3,4,3,2,3,4,3,3,4,2,4,3,2,4,3,4,2,3,4,3,4,2,3,4,4,1059720
"1009","ptZeiguy48WjP56",29,"female","2",58,"deck1","deck6","P-NP",82,1074.00000002235,7,"parity",9,73,37.0000000111759,"good",5,1,"Look ","no",6,7,8,6,7,8,2,3,4,4,3,2,3,4,2,3,4,3,4,3,2,3,4,3,0,2,3,4,3,2,3,4,3,3,4,2,4,3,2,4,3,4,2,3,4,3,4,2,3,4,4,1060260
"1010","ptZeiguy48WjP56",29,"female","2",58,"deck1","deck6","P-NP",82,1074.00000002235,8,"magnitude",9,69,15.0000001303852,"good",5,1,"Look ","no",6,7,8,6,7,8,2,3,4,4,3,2,3,4,2,3,4,3,4,3,2,3,4,3,0,2,3,4,3,2,3,4,3,3,4,2,4,3,2,4,3,4,2,3,4,3,4,2,3,4,4,1060777
"1011","ptZeiguy48WjP56",29,"female","2",58,"deck1","deck6","P-NP",82,1074.00000002235,9,"parity",9,69,101.999999955297,"good",5,1,"Look ","no",6,7,8,6,7,8,2,3,4,4,3,2,3,4,2,3,4,3,4,3,2,3,4,3,0,2,3,4,3,2,3,4,3,3,4,2,4,3,2,4,3,4,2,3,4,3,4,2,3,4,4,1061381
"1012","ptZeiguy48WjP56",29,"female","2",58,"deck1","deck6","P-NP",82,1074.00000002235,10,"magnitude",2,73,4.00000018998981,"good",5,1,"Look ","no",6,7,8,6,7,8,2,3,4,4,3,2,3,4,2,3,4,3,4,3,2,3,4,3,0,2,3,4,3,2,3,4,3,3,4,2,4,3,2,4,3,4,2,3,4,3,4,2,3,4,4,1061885
"1013","ptZeiguy48WjP56",29,"female","2",58,"deck1","deck6","P-NP",82,1074.00000002235,11,"parity",9,73,7.99999991431832,"good",5,1,"Look ","no",6,7,8,6,7,8,2,3,4,4,3,2,3,4,2,3,4,3,4,3,2,3,4,3,0,2,3,4,3,2,3,4,3,3,4,2,4,3,2,4,3,4,2,3,4,3,4,2,3,4,4,1062393
"1014","ptZeiguy48WjP56",29,"female","2",58,"deck1","deck6","P-NP",82,1074.00000002235,12,"parity",7,69,43.9999997615814,"good",5,1,"Look ","no",6,7,8,6,7,8,2,3,4,4,3,2,3,4,2,3,4,3,4,3,2,3,4,3,0,2,3,4,3,2,3,4,3,3,4,2,4,3,2,4,3,4,2,3,4,3,4,2,3,4,4,1062943
"1015","ptZeiguy48WjP56",29,"female","2",58,"deck1","deck6","P-NP",82,1074.00000002235,13,"magnitude",1,69,21.0000001825392,"good",5,1,"Look ","no",6,7,8,6,7,8,2,3,4,4,3,2,3,4,2,3,4,3,4,3,2,3,4,3,0,2,3,4,3,2,3,4,3,3,4,2,4,3,2,4,3,4,2,3,4,3,4,2,3,4,4,1063465
"1016","ptZeiguy48WjP56",29,"female","2",59,"deck1","deck2","NP-NP",82,542.999999597669,1,"magnitude",1,69,206.99999993667,"good",5,1,"Look ","no",6,7,8,6,7,8,2,3,4,4,3,2,3,4,2,3,4,3,4,3,2,3,4,3,0,2,3,4,3,2,3,4,3,3,4,2,4,3,2,4,3,4,2,3,4,3,4,2,3,4,4,1065725
"1017","ptZeiguy48WjP56",29,"female","2",59,"deck1","deck2","NP-NP",82,542.999999597669,2,"parity",1,69,43.0000000633299,"good",5,1,"Look ","no",6,7,8,6,7,8,2,3,4,4,3,2,3,4,2,3,4,3,4,3,2,3,4,3,0,2,3,4,3,2,3,4,3,3,4,2,4,3,2,4,3,4,2,3,4,3,4,2,3,4,4,1066269
"1018","ptZeiguy48WjP56",29,"female","2",59,"deck1","deck2","NP-NP",82,542.999999597669,3,"magnitude",9,69,26.0000000707805,"good",5,1,"Look ","no",6,7,8,6,7,8,2,3,4,4,3,2,3,4,2,3,4,3,4,3,2,3,4,3,0,2,3,4,3,2,3,4,3,3,4,2,4,3,2,4,3,4,2,3,4,3,4,2,3,4,4,1066797
"1019","ptZeiguy48WjP56",29,"female","2",59,"deck1","deck2","NP-NP",82,542.999999597669,4,"magnitude",1,69,49.000000115484,"good",5,1,"Look ","no",6,7,8,6,7,8,2,3,4,4,3,2,3,4,2,3,4,3,4,3,2,3,4,3,0,2,3,4,3,2,3,4,3,3,4,2,4,3,2,4,3,4,2,3,4,3,4,2,3,4,4,1067348
"1020","ptZeiguy48WjP56",29,"female","2",59,"deck1","deck2","NP-NP",82,542.999999597669,5,"magnitude",2,73,104.999999981374,"good",5,1,"Look ","no",6,7,8,6,7,8,2,3,4,4,3,2,3,4,2,3,4,3,4,3,2,3,4,3,0,2,3,4,3,2,3,4,3,3,4,2,4,3,2,4,3,4,2,3,4,3,4,2,3,4,4,1067957
"1021","ptZeiguy48WjP56",29,"female","2",59,"deck1","deck2","NP-NP",82,542.999999597669,6,"parity",8,73,1.00000016391277,"good",5,1,"Look ","no",6,7,8,6,7,8,2,3,4,4,3,2,3,4,2,3,4,3,4,3,2,3,4,3,0,2,3,4,3,2,3,4,3,3,4,2,4,3,2,4,3,4,2,3,4,3,4,2,3,4,4,1068478
"1022","ptZeiguy48WjP56",29,"female","2",59,"deck1","deck2","NP-NP",82,542.999999597669,7,"parity",7,73,4.00000018998981,"good",5,1,"Look ","no",6,7,8,6,7,8,2,3,4,4,3,2,3,4,2,3,4,3,4,3,2,3,4,3,0,2,3,4,3,2,3,4,3,3,4,2,4,3,2,4,3,4,2,3,4,3,4,2,3,4,4,1068985
"1023","ptZeiguy48WjP56",29,"female","2",59,"deck1","deck2","NP-NP",82,542.999999597669,8,"parity",3,73,64.9999999441206,"good",5,1,"Look ","no",6,7,8,6,7,8,2,3,4,4,3,2,3,4,2,3,4,3,4,3,2,3,4,3,0,2,3,4,3,2,3,4,3,3,4,2,4,3,2,4,3,4,2,3,4,3,4,2,3,4,4,1069550
"1024","ptZeiguy48WjP56",29,"female","2",59,"deck1","deck2","NP-NP",82,542.999999597669,9,"magnitude",3,73,21.0000001825392,"good",5,1,"Look ","no",6,7,8,6,7,8,2,3,4,4,3,2,3,4,2,3,4,3,4,3,2,3,4,3,0,2,3,4,3,2,3,4,3,3,4,2,4,3,2,4,3,4,2,3,4,3,4,2,3,4,4,1070073
"1025","ptZeiguy48WjP56",29,"female","2",59,"deck1","deck2","NP-NP",82,542.999999597669,10,"parity",2,73,16.0000002942979,"good",5,1,"Look ","no",6,7,8,6,7,8,2,3,4,4,3,2,3,4,2,3,4,3,4,3,2,3,4,3,0,2,3,4,3,2,3,4,3,3,4,2,4,3,2,4,3,4,2,3,4,3,4,2,3,4,4,1070598
"1026","ptZeiguy48WjP56",29,"female","2",59,"deck1","deck2","NP-NP",82,542.999999597669,11,"magnitude",8,73,32.9999998211861,"good",5,1,"Look ","no",6,7,8,6,7,8,2,3,4,4,3,2,3,4,2,3,4,3,4,3,2,3,4,3,0,2,3,4,3,2,3,4,3,3,4,2,4,3,2,4,3,4,2,3,4,3,4,2,3,4,4,1071136
"1027","ptZeiguy48WjP56",29,"female","2",59,"deck1","deck2","NP-NP",82,542.999999597669,12,"parity",2,73,27.0000002346933,"good",5,1,"Look ","no",6,7,8,6,7,8,2,3,4,4,3,2,3,4,2,3,4,3,4,3,2,3,4,3,0,2,3,4,3,2,3,4,3,3,4,2,4,3,2,4,3,4,2,3,4,3,4,2,3,4,4,1071665
"1028","ptZeiguy48WjP56",29,"female","2",59,"deck1","deck2","NP-NP",82,542.999999597669,13,"magnitude",3,73,25.000000372529,"good",5,1,"Look ","no",6,7,8,6,7,8,2,3,4,4,3,2,3,4,2,3,4,3,4,3,2,3,4,3,0,2,3,4,3,2,3,4,3,3,4,2,4,3,2,4,3,4,2,3,4,3,4,2,3,4,4,1072192
"1029","ptZeiguy48WjP56",29,"female","2",59,"deck1","deck2","NP-NP",82,542.999999597669,14,"magnitude",2,73,16.0000002942979,"good",5,1,"Look ","no",6,7,8,6,7,8,2,3,4,4,3,2,3,4,2,3,4,3,4,3,2,3,4,3,0,2,3,4,3,2,3,4,3,3,4,2,4,3,2,4,3,4,2,3,4,3,4,2,3,4,4,1072713
"1030","ptZeiguy48WjP56",29,"female","2",59,"deck1","deck2","NP-NP",82,542.999999597669,15,"magnitude",8,69,169.999999925494,"good",5,1,"Look ","no",6,7,8,6,7,8,2,3,4,4,3,2,3,4,2,3,4,3,4,3,2,3,4,3,0,2,3,4,3,2,3,4,3,3,4,2,4,3,2,4,3,4,2,3,4,3,4,2,3,4,4,1073385
"1031","ptZeiguy48WjP56",29,"female","2",59,"deck1","deck2","NP-NP",82,542.999999597669,16,"magnitude",1,73,60.9999997541308,"good",5,1,"Look ","no",6,7,8,6,7,8,2,3,4,4,3,2,3,4,2,3,4,3,4,3,2,3,4,3,0,2,3,4,3,2,3,4,3,3,4,2,4,3,2,4,3,4,2,3,4,3,4,2,3,4,4,1073949
"1032","ptZeiguy48WjP56",29,"female","2",60,"deck6","deck3","P-NP",82,645.999999716878,1,"magnitude",8,69,75.999999884516,"good",5,1,"Look ","no",6,7,8,6,7,8,2,3,4,4,3,2,3,4,2,3,4,3,4,3,2,3,4,3,0,2,3,4,3,2,3,4,3,3,4,2,4,3,2,4,3,4,2,3,4,3,4,2,3,4,4,1076188
"1033","ptZeiguy48WjP56",29,"female","2",60,"deck6","deck3","P-NP",82,645.999999716878,2,"parity",8,73,25.000000372529,"good",5,1,"Look ","no",6,7,8,6,7,8,2,3,4,4,3,2,3,4,2,3,4,3,4,3,2,3,4,3,0,2,3,4,3,2,3,4,3,3,4,2,4,3,2,4,3,4,2,3,4,3,4,2,3,4,4,1076715
"1034","ptZeiguy48WjP56",29,"female","2",60,"deck6","deck3","P-NP",82,645.999999716878,3,"magnitude",2,69,161.000000312924,"good",5,1,"Look ","no",6,7,8,6,7,8,2,3,4,4,3,2,3,4,2,3,4,3,4,3,2,3,4,3,0,2,3,4,3,2,3,4,3,3,4,2,4,3,2,4,3,4,2,3,4,3,4,2,3,4,4,1077377
"1035","ptZeiguy48WjP56",29,"female","2",60,"deck6","deck3","P-NP",82,645.999999716878,4,"parity",2,73,34.9999996833503,"good",5,1,"Look ","no",6,7,8,6,7,8,2,3,4,4,3,2,3,4,2,3,4,3,4,3,2,3,4,3,0,2,3,4,3,2,3,4,3,3,4,2,4,3,2,4,3,4,2,3,4,3,4,2,3,4,4,1077916
"1036","ptZeiguy48WjP56",29,"female","2",60,"deck6","deck3","P-NP",82,645.999999716878,5,"magnitude",4,69,87.9999999888241,"good",5,1,"Look ","no",6,7,8,6,7,8,2,3,4,4,3,2,3,4,2,3,4,3,4,3,2,3,4,3,0,2,3,4,3,2,3,4,3,3,4,2,4,3,2,4,3,4,2,3,4,3,4,2,3,4,4,1078508
"1037","ptZeiguy48WjP56",29,"female","2",60,"deck6","deck3","P-NP",82,645.999999716878,6,"parity",7,73,39.0000003390014,"good",5,1,"Look ","no",6,7,8,6,7,8,2,3,4,4,3,2,3,4,2,3,4,3,4,3,2,3,4,3,0,2,3,4,3,2,3,4,3,3,4,2,4,3,2,4,3,4,2,3,4,3,4,2,3,4,4,1079050
"1038","ptZeiguy48WjP56",29,"female","2",60,"deck6","deck3","P-NP",82,645.999999716878,7,"magnitude",7,69,32.0000001229346,"good",5,1,"Look ","no",6,7,8,6,7,8,2,3,4,4,3,2,3,4,2,3,4,3,4,3,2,3,4,3,0,2,3,4,3,2,3,4,3,3,4,2,4,3,2,4,3,4,2,3,4,3,4,2,3,4,4,1079587
"1039","ptZeiguy48WjP56",29,"female","2",60,"deck6","deck3","P-NP",82,645.999999716878,8,"parity",1,73,129.00000018999,"good",5,1,"Look ","no",6,7,8,6,7,8,2,3,4,4,3,2,3,4,2,3,4,3,4,3,2,3,4,3,0,2,3,4,3,2,3,4,3,3,4,2,4,3,2,4,3,4,2,3,4,3,4,2,3,4,4,1080218
"1040","ptZeiguy48WjP56",29,"female","2",60,"deck6","deck3","P-NP",82,645.999999716878,9,"magnitude",9,69,54.9999997019768,"good",5,1,"Look ","no",6,7,8,6,7,8,2,3,4,4,3,2,3,4,2,3,4,3,4,3,2,3,4,3,0,2,3,4,3,2,3,4,3,3,4,2,4,3,2,4,3,4,2,3,4,3,4,2,3,4,4,1080775
"1041","ptZeiguy48WjP56",29,"female","2",60,"deck6","deck3","P-NP",82,645.999999716878,10,"magnitude",8,69,132.000000216067,"good",5,1,"Look ","no",6,7,8,6,7,8,2,3,4,4,3,2,3,4,2,3,4,3,4,3,2,3,4,3,0,2,3,4,3,2,3,4,3,3,4,2,4,3,2,4,3,4,2,3,4,3,4,2,3,4,4,1081411
